(100, -0.007904586551283321) +- (0.010072184419531054, 0.010072184419531054)
(250, -0.0017929484461437274) +- (0.0044008182312922466, 0.0044008182312922466)
(500, -0.00028632625974234216) +- (0.00488783874004725, 0.00488783874004725)
(750, 0.00048427374284782944) +- (0.002847763345548546, 0.002847763345548546)
(1000, 0.0012035391642347903) +- (0.004284019087706797, 0.004284019087706797)
(1250, 0.0011048107445646772) +- (0.004344080530633121, 0.004344080530633121)
(1500, 0.0006316926606834805) +- (0.004829608222013418, 0.004829608222013418)
(1750, 0.00038500616505858786) +- (0.0032038962108324217, 0.0032038962108324217)
(2000, 0.00093357637942999) +- (0.002961337671755978, 0.002961337671755978)
(2250, -7.531140150884852e-06) +- (0.0030453299258670387, 0.0030453299258670387)
(2500, -0.00022128309654343426) +- (0.0026419349815819436, 0.0026419349815819436)
(2750, -0.0002178068770278152) +- (0.0030665388570197366, 0.0030665388570197366)
(3000, -0.000279868082259771) +- (0.002827382326690962, 0.002827382326690962)
(3250, 0.00019470686677562908) +- (0.002172106092772728, 0.002172106092772728)
(3500, 0.0004732261696554829) +- (0.002438828026355046, 0.002438828026355046)
(3750, 0.0005543415290119036) +- (0.0023167305066737376, 0.0023167305066737376)
(4000, 0.000809561241564527) +- (0.0022420786078286865, 0.0022420786078286865)
(4250, 0.0008759227943039072) +- (0.00240171683454569, 0.00240171683454569)
(4500, 0.0011413553848690582) +- (0.002576501162158925, 0.002576501162158925)
(4750, 0.0011303852448876662) +- (0.0024269171801535954, 0.0024269171801535954)
(5000, 0.0008327544895966099) +- (0.002273870053718876, 0.002273870053718876)
