(100, -0.000681587575988285) +- (0.02004247556816839, 0.02004247556816839)
(250, 0.0008002567669318505) +- (0.007913394248819195, 0.007913394248819195)
(500, 0.004762156645897608) +- (0.007975295404150248, 0.007975295404150248)
(750, 0.00593599133196685) +- (0.007093627937018289, 0.007093627937018289)
(1000, 0.005581879174421722) +- (0.006343593804355915, 0.006343593804355915)
(1250, 0.005750654812883038) +- (0.006474943988755889, 0.006474943988755889)
(1500, 0.005859681216046386) +- (0.006900605430224369, 0.006900605430224369)
(1750, 0.004310792820734122) +- (0.006131894100350055, 0.006131894100350055)
(2000, 0.004017264993903513) +- (0.0066080016291298295, 0.0066080016291298295)
(2250, 0.004460277330616868) +- (0.006818556152500371, 0.006818556152500371)
(2500, 0.004190882945153351) +- (0.0066074958131605585, 0.0066074958131605585)
(2750, 0.004437195635401281) +- (0.00663555403250782, 0.00663555403250782)
(3000, 0.004955909332054542) +- (0.006277362129480426, 0.006277362129480426)
(3250, 0.004452090782504747) +- (0.0059950844301561055, 0.0059950844301561055)
(3500, 0.004231461008675908) +- (0.006188213680827332, 0.006188213680827332)
(3750, 0.004065963714067334) +- (0.0058472438765295, 0.0058472438765295)
(4000, 0.00424932729369587) +- (0.0057901023635094934, 0.0057901023635094934)
(4250, 0.004141245370721513) +- (0.005810359246871196, 0.005810359246871196)
(4500, 0.003908655234756609) +- (0.0057313710009559635, 0.0057313710009559635)
(4750, 0.003716580026058569) +- (0.005301600892908869, 0.005301600892908869)
(5000, 0.0035139591878715847) +- (0.00517684881750799, 0.00517684881750799)
