(100, 0.3714265441648403) +- (0.17373090601496957, 0.17373090601496957)
(250, 0.28594126968920575) +- (0.13307816809973294, 0.13307816809973294)
(500, 0.2714383293507134) +- (0.13309848086429832, 0.13309848086429832)
(750, 0.252804457156743) +- (0.13668494655343907, 0.13668494655343907)
(1000, 0.2482304141238712) +- (0.1354365587074835, 0.1354365587074835)
(1250, 0.24412450853843773) +- (0.14469643462573237, 0.14469643462573237)
(1500, 0.23809660619743314) +- (0.14804891805554254, 0.14804891805554254)
(1750, 0.22829552017917565) +- (0.14501000612738013, 0.14501000612738013)
(2000, 0.22787775494037396) +- (0.146886921686978, 0.146886921686978)
(2250, 0.22180321755962776) +- (0.15386907322624865, 0.15386907322624865)
(2500, 0.21904567164366373) +- (0.15625151144147578, 0.15625151144147578)
(2750, 0.21356491978803524) +- (0.15788756099206594, 0.15788756099206594)
(3000, 0.21130718024214556) +- (0.1655382384109221, 0.1655382384109221)
(3250, 0.209214413778136) +- (0.1692606921547195, 0.1692606921547195)
(3500, 0.2120080198158263) +- (0.17323699617561852, 0.17323699617561852)
(3750, 0.21159944542774795) +- (0.17572319495956107, 0.17572319495956107)
(4000, 0.20625058053394874) +- (0.17228278553769197, 0.17228278553769197)
(4250, 0.20270618524730272) +- (0.1641737847218617, 0.1641737847218617)
(4500, 0.2072857111562496) +- (0.15788247553130197, 0.15788247553130197)
(4750, 0.20772800716409767) +- (0.1585000379898835, 0.1585000379898835)
(5000, 0.20813310502883936) +- (0.1582685868256463, 0.1582685868256463)
