(100, 0.2699185482111298) +- (0.08358682453609098, 0.08358682453609098)
(250, 0.19957826450615818) +- (0.04856480325690917, 0.04856480325690917)
(500, 0.16938434232330676) +- (0.03932270150421903, 0.03932270150421903)
(750, 0.14890432516293245) +- (0.04155669419749275, 0.04155669419749275)
(1000, 0.12542473453922143) +- (0.026202762347642773, 0.026202762347642773)
(1250, 0.11104217268244554) +- (0.021562586592341917, 0.021562586592341917)
(1500, 0.09924460884455404) +- (0.01632104801438146, 0.01632104801438146)
(1750, 0.08966861151334352) +- (0.014717278124945379, 0.014717278124945379)
(2000, 0.08578156031100673) +- (0.011581229011628167, 0.011581229011628167)
(2250, 0.0824089619025822) +- (0.007801661813289784, 0.007801661813289784)
(2500, 0.0771479677404363) +- (0.007689892607147122, 0.007689892607147122)
(2750, 0.07117420732862997) +- (0.009346371848907324, 0.009346371848907324)
(3000, 0.0706515241461495) +- (0.006961554645120975, 0.006961554645120975)
(3250, 0.06681338650209113) +- (0.007470029769063038, 0.007470029769063038)
(3500, 0.06441977439090686) +- (0.008899831998703511, 0.008899831998703511)
(3750, 0.06163984513642268) +- (0.006779628462403173, 0.006779628462403173)
(4000, 0.058841319335779005) +- (0.00568239030939077, 0.00568239030939077)
(4250, 0.05921722521206261) +- (0.007329392784992624, 0.007329392784992624)
(4500, 0.062358009415335314) +- (0.014217745798715365, 0.014217745798715365)
(4750, 0.061229836898363775) +- (0.012386905323107125, 0.012386905323107125)
(5000, 0.06019636269819647) +- (0.011961516679295382, 0.011961516679295382)
