(100, 0.214233264076905) +- (0.19782662863057943, 0.19782662863057943)
(250, 0.16830714002576413) +- (0.13821193430978068, 0.13821193430978068)
(500, 0.17153928331770746) +- (0.14776027622070942, 0.14776027622070942)
(750, 0.1830381890459948) +- (0.16745049215608324, 0.16745049215608324)
(1000, 0.1801252076111836) +- (0.1638728129511428, 0.1638728129511428)
(1250, 0.18066587735076703) +- (0.1736883796829044, 0.1736883796829044)
(1500, 0.1783516920239609) +- (0.17430991112895042, 0.17430991112895042)
(1750, 0.16584392940919374) +- (0.17216957624382623, 0.17216957624382623)
(2000, 0.16466952941723736) +- (0.16962915508673534, 0.16962915508673534)
(2250, 0.1600257487777664) +- (0.17679873344338215, 0.17679873344338215)
(2500, 0.16225587750985915) +- (0.18054007599302782, 0.18054007599302782)
(2750, 0.15858918608321287) +- (0.1799532389630513, 0.1799532389630513)
(3000, 0.15859399228645044) +- (0.18619000547534684, 0.18619000547534684)
(3250, 0.15774968371570164) +- (0.18814106995995997, 0.18814106995995997)
(3500, 0.15944309313517324) +- (0.1924910798267843, 0.1924910798267843)
(3750, 0.16004470636622814) +- (0.19456811323528944, 0.19456811323528944)
(4000, 0.15882670689657544) +- (0.1893593864407701, 0.1893593864407701)
(4250, 0.15506089998846267) +- (0.1797333237108497, 0.1797333237108497)
(4500, 0.15506651819503126) +- (0.17482417585744253, 0.17482417585744253)
(4750, 0.15566859369684552) +- (0.17725786742147842, 0.17725786742147842)
(5000, 0.15715082057473514) +- (0.17608916968421345, 0.17608916968421345)
