(100, 0.0642520882281731) +- (0.07713603072315665, 0.07713603072315665)
(250, 0.04691930808907259) +- (0.037757356254820865, 0.037757356254820865)
(500, 0.06206932706172282) +- (0.024746788598071424, 0.024746788598071424)
(750, 0.04026228360166119) +- (0.025263981846780754, 0.025263981846780754)
(1000, 0.02751237209310482) +- (0.021069648436627487, 0.021069648436627487)
(1250, 0.025997117311333355) +- (0.019008752507257174, 0.019008752507257174)
(1500, 0.0260685817013113) +- (0.02056308367331278, 0.02056308367331278)
(1750, 0.025604068728302863) +- (0.017473513069719008, 0.017473513069719008)
(2000, 0.022747909788081104) +- (0.018173909446588508, 0.018173909446588508)
(2250, 0.023929228168558123) +- (0.018600324130002385, 0.018600324130002385)
(2500, 0.01981013403996697) +- (0.017091795116974354, 0.017091795116974354)
(2750, 0.02148425656107086) +- (0.018688860754724687, 0.018688860754724687)
(3000, 0.022500229509370646) +- (0.017424903619257782, 0.017424903619257782)
(3250, 0.022508135230792873) +- (0.01535564746497942, 0.01535564746497942)
(3500, 0.01853000764501165) +- (0.015453238485604552, 0.015453238485604552)
(3750, 0.019050036935842726) +- (0.017115820328948133, 0.017115820328948133)
(4000, 0.0184314289993218) +- (0.015563133010202472, 0.015563133010202472)
(4250, 0.018633475121182703) +- (0.01502934220260497, 0.01502934220260497)
(4500, 0.0191725041930385) +- (0.017063741874200962, 0.017063741874200962)
(4750, 0.01710938220565995) +- (0.016804039437801854, 0.016804039437801854)
(5000, 0.01734886050069772) +- (0.016443108529596996, 0.016443108529596996)
