(100, 0.001518651568518692) +- (0.029286724227056457, 0.029286724227056457)
(250, 0.015690965300172843) +- (0.020227257606592705, 0.020227257606592705)
(500, 0.010460029958077178) +- (0.01705486313100558, 0.01705486313100558)
(750, 0.02238437102278836) +- (0.024527121644671093, 0.024527121644671093)
(1000, 0.012718098948773094) +- (0.029912814600319703, 0.029912814600319703)
(1250, 0.010539237315602579) +- (0.0175330156633312, 0.0175330156633312)
(1500, 0.01515989948671943) +- (0.020549417492225323, 0.020549417492225323)
(1750, 0.013576373160018163) +- (0.020795232150696518, 0.020795232150696518)
(2000, 0.010497638934813213) +- (0.0196943367703402, 0.0196943367703402)
(2250, 0.00986208774540236) +- (0.016224432219541236, 0.016224432219541236)
(2500, 0.011828352386576358) +- (0.01367052972038811, 0.01367052972038811)
(2750, 0.01114950000514021) +- (0.016441660163400224, 0.016441660163400224)
(3000, 0.010116355719605608) +- (0.018862397863404667, 0.018862397863404667)
(3250, 0.010732378831528422) +- (0.014909850584141767, 0.014909850584141767)
(3500, 0.00867194533895077) +- (0.015503086676600034, 0.015503086676600034)
(3750, 0.009615184205391892) +- (0.016261378879233523, 0.016261378879233523)
(4000, 0.01113401640262084) +- (0.016550867469646766, 0.016550867469646766)
(4250, 0.015289844289844767) +- (0.017596677854836183, 0.017596677854836183)
(4500, 0.016287509351393135) +- (0.018008584160718214, 0.018008584160718214)
(4750, 0.016740545387226868) +- (0.020081865139880688, 0.020081865139880688)
(5000, 0.017147897683341996) +- (0.01604004367030086, 0.01604004367030086)
