(100, 0.01877226082826926) +- (0.0322349470494511, 0.0322349470494511)
(250, 0.01216822270455169) +- (0.016067281578606846, 0.016067281578606846)
(500, 0.011459004934630368) +- (0.021579686814352163, 0.021579686814352163)
(750, 0.015850632595878) +- (0.01468009283650584, 0.01468009283650584)
(1000, 0.015481721247377945) +- (0.02281232279491563, 0.02281232279491563)
(1250, 0.018334088028494566) +- (0.02761318135061653, 0.02761318135061653)
(1500, 0.022907031879202) +- (0.026966242164255708, 0.026966242164255708)
(1750, 0.0195846464271622) +- (0.02301719102767494, 0.02301719102767494)
(2000, 0.017319480996992896) +- (0.02188558272687532, 0.02188558272687532)
(2250, 0.02141077016156463) +- (0.032003068342919425, 0.032003068342919425)
(2500, 0.021220655246206553) +- (0.034301638314947196, 0.034301638314947196)
(2750, 0.02510109569197243) +- (0.03376835855690792, 0.03376835855690792)
(3000, 0.01646772437162869) +- (0.018296476545047156, 0.018296476545047156)
(3250, 0.01778282921295462) +- (0.015516168466007715, 0.015516168466007715)
(3500, 0.01763051113894134) +- (0.01565956199232488, 0.01565956199232488)
(3750, 0.01638626396345457) +- (0.017891161232591213, 0.017891161232591213)
(4000, 0.01658857615726128) +- (0.018535150071439327, 0.018535150071439327)
(4250, 0.013426232148939343) +- (0.01833789128220741, 0.01833789128220741)
(4500, 0.015498700065741434) +- (0.018368335508321898, 0.018368335508321898)
(4750, 0.018995925357832545) +- (0.016669622655079888, 0.016669622655079888)
(5000, 0.016633588973759085) +- (0.01846728751337208, 0.01846728751337208)
