(100, 0.015198696834109838) +- (0.02087053383998659, 0.02087053383998659)
(250, 0.024099796783607498) +- (0.02387112982037671, 0.02387112982037671)
(500, 0.012572184386211615) +- (0.016521352421566823, 0.016521352421566823)
(750, 0.016490279372200912) +- (0.025918908354289234, 0.025918908354289234)
(1000, 0.021492048262311325) +- (0.031217316042864977, 0.031217316042864977)
(1250, 0.019845021307815357) +- (0.034063425313764426, 0.034063425313764426)
(1500, 0.00501063024854762) +- (0.012355144203216702, 0.012355144203216702)
(1750, 0.010012613921161817) +- (0.021295052551101316, 0.021295052551101316)
(2000, 0.01025866760862062) +- (0.012429768232811536, 0.012429768232811536)
(2250, 0.008131893200957307) +- (0.012422739095841037, 0.012422739095841037)
(2500, 0.00856635740980174) +- (0.02358535639427722, 0.02358535639427722)
(2750, 0.011220768132526393) +- (0.02446446148033818, 0.02446446148033818)
(3000, 0.008498063969725323) +- (0.009107124186977567, 0.009107124186977567)
(3250, 0.0075526613879224325) +- (0.007853608057259839, 0.007853608057259839)
(3500, 0.013507213980413501) +- (0.011230093647646308, 0.011230093647646308)
(3750, 0.007229035072328393) +- (0.011613300335794973, 0.011613300335794973)
(4000, 0.008158110145431996) +- (0.009745693123396045, 0.009745693123396045)
(4250, 0.007662506126052238) +- (0.008109703324362338, 0.008109703324362338)
(4500, 0.008169305820681849) +- (0.009399002645367329, 0.009399002645367329)
(4750, 0.007475380562996037) +- (0.007231608480037504, 0.007231608480037504)
(5000, 0.009381135104366223) +- (0.009438864249800474, 0.009438864249800474)
