(100, 0.014369917236845619) +- (0.023418995878614634, 0.023418995878614634)
(250, 0.01085469264639558) +- (0.02135821139182604, 0.02135821139182604)
(500, 0.01002441130810774) +- (0.015177078625832029, 0.015177078625832029)
(750, 0.010274138620268315) +- (0.01000538439390454, 0.01000538439390454)
(1000, 0.007521278987337876) +- (0.010604548701276455, 0.010604548701276455)
(1250, 0.006138397076844182) +- (0.009059869744630088, 0.009059869744630088)
(1500, 0.0107446552919094) +- (0.011772835513193181, 0.011772835513193181)
(1750, 0.006963208277256871) +- (0.009290925740800817, 0.009290925740800817)
(2000, 0.008152335409007217) +- (0.01037177205022419, 0.01037177205022419)
(2250, 0.006730469699065633) +- (0.010816785593733958, 0.010816785593733958)
(2500, 0.009053718549840984) +- (0.008063373426786561, 0.008063373426786561)
(2750, 0.006435085813362651) +- (0.010900734032591858, 0.010900734032591858)
(3000, 0.004948525470501996) +- (0.010639269404893282, 0.010639269404893282)
(3250, 0.0021590110394583916) +- (0.011328802297418878, 0.011328802297418878)
(3500, 0.002685008740107531) +- (0.008356300765485228, 0.008356300765485228)
(3750, 0.003470002802630168) +- (0.006708715810771038, 0.006708715810771038)
(4000, 0.0033116724112121076) +- (0.00904967926608952, 0.00904967926608952)
(4250, 0.002717976650296228) +- (0.00918958644851229, 0.00918958644851229)
(4500, 0.003618804036518952) +- (0.009579618733411564, 0.009579618733411564)
(4750, 0.001080530604712715) +- (0.00833380177470699, 0.00833380177470699)
(5000, 0.004528371151995581) +- (0.008277152772469017, 0.008277152772469017)
