(100, 0.009068244535864745) +- (0.03336211493887833, 0.03336211493887833)
(250, 0.005040977734909724) +- (0.01339707546259602, 0.01339707546259602)
(500, 0.005951600675792879) +- (0.012155385876742301, 0.012155385876742301)
(750, 0.007458322610363055) +- (0.0088251507014082, 0.0088251507014082)
(1000, 0.0064994626580682) +- (0.006993784838952253, 0.006993784838952253)
(1250, 0.004480124578404077) +- (0.006591774268876181, 0.006591774268876181)
(1500, 0.004836896290083104) +- (0.006197387135513796, 0.006197387135513796)
(1750, 0.005560747816129741) +- (0.005357848740765708, 0.005357848740765708)
(2000, 0.005557157976819394) +- (0.004148024121824163, 0.004148024121824163)
(2250, 0.0034846678025916233) +- (0.0040440512788098345, 0.0040440512788098345)
(2500, 0.0038303573294244052) +- (0.005201683353790118, 0.005201683353790118)
(2750, 0.004455845298878014) +- (0.004656347150105101, 0.004656347150105101)
(3000, 0.003517287932735691) +- (0.004697931196747114, 0.004697931196747114)
(3250, 0.003996194435550926) +- (0.00439035468311265, 0.00439035468311265)
(3500, 0.002956694029303808) +- (0.004193094943262289, 0.004193094943262289)
(3750, 0.0023431024894966512) +- (0.004274026798948962, 0.004274026798948962)
(4000, 0.001839125446278178) +- (0.004728557632617428, 0.004728557632617428)
(4250, 0.0016425608168055383) +- (0.004988742961227382, 0.004988742961227382)
(4500, 0.0012486060813901468) +- (0.0051505334482186615, 0.0051505334482186615)
(4750, 0.001022131330863285) +- (0.005200299687894675, 0.005200299687894675)
(5000, 0.0006206265448347459) +- (0.004643978046317688, 0.004643978046317688)
