(100, 0.09703883972714174) +- (0.08521652726633952, 0.08521652726633952)
(250, 0.10894461581599764) +- (0.1199159589548966, 0.1199159589548966)
(500, 0.1105143075513566) +- (0.12321108553949328, 0.12321108553949328)
(750, 0.11894054514098054) +- (0.13761707342011714, 0.13761707342011714)
(1000, 0.12492640181432488) +- (0.14171297461667398, 0.14171297461667398)
(1250, 0.12180866626411921) +- (0.14399245100369298, 0.14399245100369298)
(1500, 0.11924638027845633) +- (0.14520327637740466, 0.14520327637740466)
(1750, 0.12148497416973081) +- (0.14735851750278536, 0.14735851750278536)
(2000, 0.12253116650180491) +- (0.14575904585911492, 0.14575904585911492)
(2250, 0.12214902285768411) +- (0.14909861433682817, 0.14909861433682817)
(2500, 0.12165228380618683) +- (0.1487558528986621, 0.1487558528986621)
(2750, 0.12197148053719334) +- (0.15179060734070254, 0.15179060734070254)
(3000, 0.12343559271049598) +- (0.15570483941502455, 0.15570483941502455)
(3250, 0.12489936368314174) +- (0.1591930015329831, 0.1591930015329831)
(3500, 0.12461921273940035) +- (0.160587779914659, 0.160587779914659)
(3750, 0.12258116879853889) +- (0.15833406093008975, 0.15833406093008975)
(4000, 0.12066835493983526) +- (0.15587872127890734, 0.15587872127890734)
(4250, 0.11908203753589382) +- (0.15028355653723052, 0.15028355653723052)
(4500, 0.1187113737892033) +- (0.14799377017988102, 0.14799377017988102)
(4750, 0.11834802860028404) +- (0.14879207860138915, 0.14879207860138915)
(5000, 0.11711767488925728) +- (0.14482861159560426, 0.14482861159560426)
