(100, 0.05452004959786268) +- (0.06299226287657442, 0.06299226287657442)
(250, 0.04451097104654087) +- (0.02808669767864009, 0.02808669767864009)
(500, 0.04669926826498275) +- (0.026920845811546412, 0.026920845811546412)
(750, 0.0451300951720521) +- (0.020855308944358417, 0.020855308944358417)
(1000, 0.032770858634043616) +- (0.01568453373981858, 0.01568453373981858)
(1250, 0.02331134623650368) +- (0.012290713156936747, 0.012290713156936747)
(1500, 0.025678707839940522) +- (0.019394468429878745, 0.019394468429878745)
(1750, 0.014456834317042663) +- (0.008147984599667696, 0.008147984599667696)
(2000, 0.013022323304814554) +- (0.0076105938307571, 0.0076105938307571)
(2250, 0.011216079216003864) +- (0.009003833169564301, 0.009003833169564301)
(2500, 0.01432141676113862) +- (0.010755106149419599, 0.010755106149419599)
(2750, 0.01304485373993119) +- (0.010861004271751669, 0.010861004271751669)
(3000, 0.009997977951493865) +- (0.007117081567208116, 0.007117081567208116)
(3250, 0.011919123512314712) +- (0.008010886939959124, 0.008010886939959124)
(3500, 0.010822725963816627) +- (0.010411080437077785, 0.010411080437077785)
(3750, 0.010429670644429331) +- (0.012688798304651938, 0.012688798304651938)
(4000, 0.011555314272401833) +- (0.011319257237594013, 0.011319257237594013)
(4250, 0.011254932513646764) +- (0.009823702545843443, 0.009823702545843443)
(4500, 0.009701415831275682) +- (0.007524207913648694, 0.007524207913648694)
(4750, 0.00918481795958764) +- (0.006184246017948639, 0.006184246017948639)
(5000, 0.008671094067561549) +- (0.005166862682146744, 0.005166862682146744)
