(100, 0.1036717034005539) +- (0.06652722724713474, 0.06652722724713474)
(250, 0.057199036162716356) +- (0.043124350543859706, 0.043124350543859706)
(500, 0.06352757734224082) +- (0.04251369593473826, 0.04251369593473826)
(750, 0.05916293878428527) +- (0.04986584141972057, 0.04986584141972057)
(1000, 0.054464367929841696) +- (0.04500522334523638, 0.04500522334523638)
(1250, 0.054154606182029254) +- (0.048736614987393526, 0.048736614987393526)
(1500, 0.05277162655925967) +- (0.03881391055515486, 0.03881391055515486)
(1750, 0.040905694550874) +- (0.03693018726449172, 0.03693018726449172)
(2000, 0.03931521661421139) +- (0.03187619986219945, 0.03187619986219945)
(2250, 0.03779763027128077) +- (0.03481802052923177, 0.03481802052923177)
(2500, 0.03697952504460837) +- (0.03751874639360072, 0.03751874639360072)
(2750, 0.0374157656178927) +- (0.040802116100540124, 0.040802116100540124)
(3000, 0.03331837782560175) +- (0.038519043100996686, 0.038519043100996686)
(3250, 0.0347518272601407) +- (0.0427943528548772, 0.0427943528548772)
(3500, 0.03370044007147312) +- (0.042669913091350466, 0.042669913091350466)
(3750, 0.03326614544717541) +- (0.042168146750121704, 0.042168146750121704)
(4000, 0.032701441621646093) +- (0.041896654553059104, 0.041896654553059104)
(4250, 0.03308024184755639) +- (0.03975916581779125, 0.03975916581779125)
(4500, 0.03433562076430736) +- (0.03880069216412825, 0.03880069216412825)
(4750, 0.036573629475900704) +- (0.03706620312008278, 0.03706620312008278)
(5000, 0.03486986410795798) +- (0.03814106561612305, 0.03814106561612305)
