(100, 0.046372974808179326) +- (0.020483419967526655, 0.020483419967526655)
(250, 0.02714496359314933) +- (0.010656409796082471, 0.010656409796082471)
(500, 0.019588597956745658) +- (0.007600092392527175, 0.007600092392527175)
(750, 0.01784226998169607) +- (0.005136505760504176, 0.005136505760504176)
(1000, 0.016171023315069987) +- (0.009547130774841643, 0.009547130774841643)
(1250, 0.015963076809850697) +- (0.006755725316566167, 0.006755725316566167)
(1500, 0.015128882427273149) +- (0.005545486248661561, 0.005545486248661561)
(1750, 0.013397140037870247) +- (0.0035978052451874727, 0.0035978052451874727)
(2000, 0.013505015527315001) +- (0.003978172377610183, 0.003978172377610183)
(2250, 0.011419474698650633) +- (0.005273670545335402, 0.005273670545335402)
(2500, 0.011398311976628151) +- (0.004005767825834539, 0.004005767825834539)
(2750, 0.010656994511987783) +- (0.004313017219648215, 0.004313017219648215)
(3000, 0.010200455766001459) +- (0.0037610430405433932, 0.0037610430405433932)
(3250, 0.010429952750701289) +- (0.004340758260746002, 0.004340758260746002)
(3500, 0.010944132606402413) +- (0.003717097412019238, 0.003717097412019238)
(3750, 0.011225598981956474) +- (0.004017831471481941, 0.004017831471481941)
(4000, 0.010576742069855172) +- (0.0031081708265738544, 0.0031081708265738544)
(4250, 0.010836983697378066) +- (0.002752998598198589, 0.002752998598198589)
(4500, 0.009961838113306065) +- (0.0018443483699556984, 0.0018443483699556984)
(4750, 0.010407811831499103) +- (0.001769916257708546, 0.001769916257708546)
(5000, 0.009784986101534355) +- (0.0024643253002945157, 0.0024643253002945157)
