(100, 0.046419356997418636) +- (0.02047167639145178, 0.02047167639145178)
(250, 0.027198428511129837) +- (0.010635031119665794, 0.010635031119665794)
(500, 0.02151040371336994) +- (0.006609576423002479, 0.006609576423002479)
(750, 0.017909006615425004) +- (0.00508685615344021, 0.00508685615344021)
(1000, 0.017913844688766646) +- (0.008627866683888812, 0.008627866683888812)
(1250, 0.016225340021528912) +- (0.006279082877998997, 0.006279082877998997)
(1500, 0.01508433754464491) +- (0.005532488579003474, 0.005532488579003474)
(1750, 0.013386581026878596) +- (0.003554605810117132, 0.003554605810117132)
(2000, 0.012113568479245319) +- (0.0048452209399767136, 0.0048452209399767136)
(2250, 0.011391674040448052) +- (0.0052690080365371626, 0.0052690080365371626)
(2500, 0.011399953968968868) +- (0.004019683116329974, 0.004019683116329974)
(2750, 0.0106751442471126) +- (0.004300015856156367, 0.004300015856156367)
(3000, 0.010191056397523157) +- (0.0037550275198021976, 0.0037550275198021976)
(3250, 0.010404763142900907) +- (0.004291042368782246, 0.004291042368782246)
(3500, 0.01092673605033343) +- (0.0037204482677077617, 0.0037204482677077617)
(3750, 0.011258271925019558) +- (0.003985386006514543, 0.003985386006514543)
(4000, 0.010575807828223694) +- (0.0031098542919560605, 0.0031098542919560605)
(4250, 0.010825006103062496) +- (0.002735879893859834, 0.002735879893859834)
(4500, 0.009971993353213993) +- (0.0018390510460315006, 0.0018390510460315006)
(4750, 0.01041702734703982) +- (0.0017565158037674555, 0.0017565158037674555)
(5000, 0.00977331723446615) +- (0.0024725275189450575, 0.0024725275189450575)
