(100, 0.20527100012289262) +- (0.1468733650784867, 0.1468733650784867)
(250, 0.3430436342572444) +- (0.34095308981298145, 0.34095308981298145)
(500, 0.42218371058836) +- (0.4001436084594886, 0.4001436084594886)
(750, 0.46997202891526857) +- (0.4320536995821218, 0.4320536995821218)
(1000, 0.5262391296508688) +- (0.44956003880519646, 0.44956003880519646)
(1250, 0.5871290992361813) +- (0.4495082042034858, 0.4495082042034858)
(1500, 0.6034520361765556) +- (0.46000656020267094, 0.46000656020267094)
(1750, 0.6334059355120709) +- (0.4756808301439876, 0.4756808301439876)
(2000, 0.6434247355008172) +- (0.4851088685465378, 0.4851088685465378)
(2250, 0.657272326677271) +- (0.4934466355920974, 0.4934466355920974)
(2500, 0.6607854040058313) +- (0.4946366091598977, 0.4946366091598977)
(2750, 0.6704452418826481) +- (0.5045971294827469, 0.5045971294827469)
(3000, 0.6828273655204198) +- (0.5152651139987722, 0.5152651139987722)
(3250, 0.6908472559777878) +- (0.5232331503380283, 0.5232331503380283)
(3500, 0.7052121255198985) +- (0.5340893497066581, 0.5340893497066581)
(3750, 0.7054993248699378) +- (0.5325972950218203, 0.5325972950218203)
(4000, 0.7094147331622617) +- (0.5339946429415781, 0.5339946429415781)
(4250, 0.7173543713693685) +- (0.5355535551227513, 0.5355535551227513)
(4500, 0.7277016269076376) +- (0.5400256147168376, 0.5400256147168376)
(4750, 0.731215578392514) +- (0.5403406149174995, 0.5403406149174995)
(5000, 0.7373285033313168) +- (0.5423825090817913, 0.5423825090817913)
