(100, 0.21647597168974136) +- (0.1596195604857418, 0.1596195604857418)
(250, 0.3412997848660859) +- (0.31571536550263235, 0.31571536550263235)
(500, 0.3709607546702534) +- (0.3295722255187382, 0.3295722255187382)
(750, 0.3819251552233773) +- (0.33616383630943486, 0.33616383630943486)
(1000, 0.38010870161911725) +- (0.34449983407804824, 0.34449983407804824)
(1250, 0.3866008444537508) +- (0.3383933201127791, 0.3383933201127791)
(1500, 0.3843954579391322) +- (0.3395351510586422, 0.3395351510586422)
(1750, 0.38879594007940566) +- (0.34257639335003376, 0.34257639335003376)
(2000, 0.3868582641678711) +- (0.34729978674131134, 0.34729978674131134)
(2250, 0.3876027361266086) +- (0.3472790747286536, 0.3472790747286536)
(2500, 0.3860817293884639) +- (0.3436516643741551, 0.3436516643741551)
(2750, 0.38794599087713466) +- (0.34424365443425325, 0.34424365443425325)
(3000, 0.3884950931564558) +- (0.34409442297141657, 0.34409442297141657)
(3250, 0.3884062528404232) +- (0.34728268682806523, 0.34728268682806523)
(3500, 0.3928914787533283) +- (0.34961755976887854, 0.34961755976887854)
(3750, 0.3924938559091218) +- (0.35031620547012504, 0.35031620547012504)
(4000, 0.3922106158744115) +- (0.3470436836026705, 0.3470436836026705)
(4250, 0.3939684687346562) +- (0.3486450183302404, 0.3486450183302404)
(4500, 0.3943760386689358) +- (0.3479280200810551, 0.3479280200810551)
(4750, 0.3938254857648656) +- (0.34787720011006434, 0.34787720011006434)
(5000, 0.3942831353948922) +- (0.3447083111980835, 0.3447083111980835)
