Topology: 
[1.0, 1.0, 1.0, 1.0, 1.0, 0.8, 1.0, 0.8, 1.0, 0.8] +- [1.0, 1.0, 1.0, 1.0, 1.0, 0.8, 1.0, 0.8, 1.0, 0.8]
precision Non Oriented: 
[1.0, 1.0, 1.0, 1.0, 1.0, 1.0, 1.0, 1.0, 1.0, 1.0] +- [1.0, 1.0, 1.0, 1.0, 1.0, 1.0, 1.0, 1.0, 1.0, 1.0]
recall Non Oriented: 
[1.0, 1.0, 1.0, 1.0, 1.0, 0.7142857142857143, 1.0, 0.8571428571428571, 1.0, 0.7142857142857143] +- [1.0, 1.0, 1.0, 1.0, 1.0, 0.7142857142857143, 1.0, 0.8571428571428571, 1.0, 0.7142857142857143]
F1 Non Oriented: 
[1.0, 1.0, 1.0, 1.0, 1.0, 0.8333333333333333, 1.0, 0.923076923076923, 1.0, 0.8333333333333333] +- [1.0, 1.0, 1.0, 1.0, 1.0, 0.8333333333333333, 1.0, 0.923076923076923, 1.0, 0.8333333333333333]
Hamming distance: 
[0.7777777777777778, 0.8888888888888888, 0.8888888888888888, 0.8888888888888888, 0.7777777777777778, 0.6666666666666666, 0.8888888888888888, 0.6666666666666666, 0.7777777777777778, 0.6666666666666666] +- [0.7777777777777778, 0.8888888888888888, 0.8888888888888888, 0.8888888888888888, 0.7777777777777778, 0.6666666666666666, 0.8888888888888888, 0.6666666666666666, 0.7777777777777778, 0.6666666666666666]
Precision: 
[1.0, 1.0, 0.8571428571428571, 1.0, 1.0, 1.0, 1.0, 0.8, 1.0, 1.0] +- [1.0, 1.0, 0.8571428571428571, 1.0, 1.0, 1.0, 1.0, 0.8, 1.0, 1.0]
Recall: 
[0.6666666666666666, 0.8333333333333334, 1.0, 0.8333333333333334, 0.6666666666666666, 0.6666666666666666, 0.8333333333333334, 0.6666666666666666, 0.6666666666666666, 0.6666666666666666] +- [0.6666666666666666, 0.8333333333333334, 1.0, 0.8333333333333334, 0.6666666666666666, 0.6666666666666666, 0.8333333333333334, 0.6666666666666666, 0.6666666666666666, 0.6666666666666666]
F-Score: 
[0.8, 0.9090909090909091, 0.923076923076923, 0.9090909090909091, 0.8, 0.8, 0.9090909090909091, 0.7272727272727272, 0.8, 0.8] +- [0.8, 0.9090909090909091, 0.923076923076923, 0.9090909090909091, 0.8, 0.8, 0.9090909090909091, 0.7272727272727272, 0.8, 0.8]
Temporal Topology: 
[] +- []
Temporal Precision: 
[] +- []
Temporal Recall: 
[] +- []
Temporal F-Score: 
[0] +- [0]


Summary Unit
Topology: 
0.9400000000000001 +- 0.09165151389911678
precision Non Oriented: 
1.0 +- 0.0
recall Non Oriented: 
0.9285714285714285 +- 0.11517511068997928
F1 Non Oriented: 
0.9589743589743589 +- 0.06681443190151481
Hamming distance: 
0.788888888888889 +- 0.09229582069908972
Precision: 
0.9657142857142856 +- 0.06975174637562116
Recall: 
0.75 +- 0.11180339887498951
F-Score: 
0.8377622377622377 +- 0.06471460308396795

Summary Temporal
Temporal Topology: 
nan +- nan
Temporal Precision: 
nan +- nan
Temporal Recall: 
nan +- nan
Temporal F-Score: 
0.0 +- 0.0