Topology: 
[1.0, 1.0, 0.7142857142857143, 1.0, 1.0, 0.7142857142857143, 0.7142857142857143, 0.8, 1.0, 0.7142857142857143] +- [1.0, 1.0, 0.7142857142857143, 1.0, 1.0, 0.7142857142857143, 0.7142857142857143, 0.8, 1.0, 0.7142857142857143]
precision Non Oriented: 
[1.0, 1.0, 0.7142857142857143, 1.0, 1.0, 0.7142857142857143, 0.7142857142857143, 1.0, 1.0, 0.7142857142857143] +- [1.0, 1.0, 0.7142857142857143, 1.0, 1.0, 0.7142857142857143, 0.7142857142857143, 1.0, 1.0, 0.7142857142857143]
recall Non Oriented: 
[1.0, 1.0, 0.7142857142857143, 1.0, 1.0, 0.7142857142857143, 0.7142857142857143, 0.8571428571428571, 1.0, 0.7142857142857143] +- [1.0, 1.0, 0.7142857142857143, 1.0, 1.0, 0.7142857142857143, 0.7142857142857143, 0.8571428571428571, 1.0, 0.7142857142857143]
F1 Non Oriented: 
[1.0, 1.0, 0.7142857142857143, 1.0, 1.0, 0.7142857142857143, 0.7142857142857143, 0.923076923076923, 1.0, 0.7142857142857143] +- [1.0, 1.0, 0.7142857142857143, 1.0, 1.0, 0.7142857142857143, 0.7142857142857143, 0.923076923076923, 1.0, 0.7142857142857143]
Hamming distance: 
[0.6666666666666666, 0.7777777777777778, 0.4444444444444444, 0.7777777777777778, 0.7777777777777778, 0.4444444444444444, 0.4444444444444444, 0.7777777777777778, 0.7777777777777778, 0.5555555555555556] +- [0.6666666666666666, 0.7777777777777778, 0.4444444444444444, 0.7777777777777778, 0.7777777777777778, 0.4444444444444444, 0.4444444444444444, 0.7777777777777778, 0.7777777777777778, 0.5555555555555556]
Precision: 
[1.0, 1.0, 0.8, 1.0, 1.0, 0.8, 0.8, 1.0, 1.0, 0.8333333333333334] +- [1.0, 1.0, 0.8, 1.0, 1.0, 0.8, 0.8, 1.0, 1.0, 0.8333333333333334]
Recall: 
[0.5, 0.6666666666666666, 0.6666666666666666, 0.6666666666666666, 0.6666666666666666, 0.6666666666666666, 0.6666666666666666, 0.6666666666666666, 0.6666666666666666, 0.8333333333333334] +- [0.5, 0.6666666666666666, 0.6666666666666666, 0.6666666666666666, 0.6666666666666666, 0.6666666666666666, 0.6666666666666666, 0.6666666666666666, 0.6666666666666666, 0.8333333333333334]
F-Score: 
[0.6666666666666666, 0.8, 0.7272727272727272, 0.8, 0.8, 0.7272727272727272, 0.7272727272727272, 0.8, 0.8, 0.8333333333333334] +- [0.6666666666666666, 0.8, 0.7272727272727272, 0.8, 0.8, 0.7272727272727272, 0.7272727272727272, 0.8, 0.8, 0.8333333333333334]
Temporal Topology: 
[] +- []
Temporal Precision: 
[] +- []
Temporal Recall: 
[] +- []
Temporal F-Score: 
[0] +- [0]


Summary Unit
Topology: 
0.8657142857142857 +- 0.13645661641439488
precision Non Oriented: 
0.8857142857142856 +- 0.13997084244475302
recall Non Oriented: 
0.8714285714285713 +- 0.13477115902938003
F1 Non Oriented: 
0.8780219780219779 +- 0.13552173019538358
Hamming distance: 
0.6444444444444445 +- 0.1474055462380178
Precision: 
0.9233333333333335 +- 0.09433981132056601
Recall: 
0.6666666666666666 +- 0.07453559924999299
F-Score: 
0.7681818181818182 +- 0.04963133137624005

Summary Temporal
Temporal Topology: 
nan +- nan
Temporal Precision: 
nan +- nan
Temporal Recall: 
nan +- nan
Temporal F-Score: 
0.0 +- 0.0