Topology: 
[0.875, 0.625, 0.75, 0.75, 0.875, 0.875, 0.875, 1.0, 1.0, 0.6666666666666666] +- [0.875, 0.625, 0.75, 0.75, 0.875, 0.875, 0.875, 1.0, 1.0, 0.6666666666666666]
precision Non Oriented: 
[1.0, 1.0, 1.0, 1.0, 1.0, 1.0, 1.0, 1.0, 1.0, 0.6666666666666666] +- [1.0, 1.0, 1.0, 1.0, 1.0, 1.0, 1.0, 1.0, 1.0, 0.6666666666666666]
recall Non Oriented: 
[0.8333333333333334, 0.6666666666666666, 0.6666666666666666, 0.75, 0.8333333333333334, 0.8333333333333334, 0.8333333333333334, 1.0, 1.0, 0.6666666666666666] +- [0.8333333333333334, 0.6666666666666666, 0.6666666666666666, 0.75, 0.8333333333333334, 0.8333333333333334, 0.8333333333333334, 1.0, 1.0, 0.6666666666666666]
F1 Non Oriented: 
[0.9090909090909091, 0.8, 0.8, 0.8571428571428571, 0.9090909090909091, 0.9090909090909091, 0.9090909090909091, 1.0, 1.0, 0.6666666666666666] +- [0.9090909090909091, 0.8, 0.8, 0.8571428571428571, 0.9090909090909091, 0.9090909090909091, 0.9090909090909091, 1.0, 1.0, 0.6666666666666666]
Hamming distance: 
[0.625, 0.625, 0.5625, 0.6875, 0.75, 0.6875, 0.5625, 0.6875, 0.8125, 0.4375] +- [0.625, 0.625, 0.5625, 0.6875, 0.75, 0.6875, 0.5625, 0.6875, 0.8125, 0.4375]
Precision: 
[0.7142857142857143, 0.8, 0.8, 0.8333333333333334, 0.8571428571428571, 0.8333333333333334, 0.6666666666666666, 0.6666666666666666, 0.7777777777777778, 0.6] +- [0.7142857142857143, 0.8, 0.8, 0.8333333333333334, 0.8571428571428571, 0.8333333333333334, 0.6666666666666666, 0.6666666666666666, 0.7777777777777778, 0.6]
Recall: 
[0.625, 0.5, 0.5, 0.625, 0.75, 0.625, 0.5, 0.75, 0.875, 0.75] +- [0.625, 0.5, 0.5, 0.625, 0.75, 0.625, 0.5, 0.75, 0.875, 0.75]
F-Score: 
[0.6666666666666666, 0.6153846153846154, 0.6153846153846154, 0.7142857142857143, 0.7999999999999999, 0.7142857142857143, 0.5714285714285715, 0.7058823529411765, 0.823529411764706, 0.6666666666666665] +- [0.6666666666666666, 0.6153846153846154, 0.6153846153846154, 0.7142857142857143, 0.7999999999999999, 0.7142857142857143, 0.5714285714285715, 0.7058823529411765, 0.823529411764706, 0.6666666666666665]
Temporal Topology: 
[] +- []
Temporal Precision: 
[] +- []
Temporal Recall: 
[] +- []
Temporal F-Score: 
[0] +- [0]


Summary Unit
Topology: 
0.8291666666666666 +- 0.12140668570277888
precision Non Oriented: 
0.9666666666666666 +- 0.1
recall Non Oriented: 
0.8083333333333332 +- 0.11814539065631524
F1 Non Oriented: 
0.876017316017316 +- 0.09532054675702706
Hamming distance: 
0.64375 +- 0.10097184013377196
Precision: 
0.7549206349206348 +- 0.08280239022917396
Recall: 
0.65 +- 0.12247448713915891
F-Score: 
0.6893514328808447 +- 0.07592148720210404

Summary Temporal
Temporal Topology: 
nan +- nan
Temporal Precision: 
nan +- nan
Temporal Recall: 
nan +- nan
Temporal F-Score: 
0.0 +- 0.0