Topology: 
[1.0, 1.0, 1.0, 1.0, 0.8, 0.8571428571428571, 1.0, 0.8, 0.8, 0.8] +- [1.0, 1.0, 1.0, 1.0, 0.8, 0.8571428571428571, 1.0, 0.8, 0.8, 0.8]
precision Non Oriented: 
[1.0, 1.0, 1.0, 1.0, 1.0, 0.7777777777777778, 1.0, 1.0, 1.0, 1.0] +- [1.0, 1.0, 1.0, 1.0, 1.0, 0.7777777777777778, 1.0, 1.0, 1.0, 1.0]
recall Non Oriented: 
[1.0, 1.0, 1.0, 1.0, 0.8571428571428571, 1.0, 1.0, 0.8571428571428571, 0.8571428571428571, 0.7142857142857143] +- [1.0, 1.0, 1.0, 1.0, 0.8571428571428571, 1.0, 1.0, 0.8571428571428571, 0.8571428571428571, 0.7142857142857143]
F1 Non Oriented: 
[1.0, 1.0, 1.0, 1.0, 0.923076923076923, 0.8750000000000001, 1.0, 0.923076923076923, 0.923076923076923, 0.8333333333333333] +- [1.0, 1.0, 1.0, 1.0, 0.923076923076923, 0.8750000000000001, 1.0, 0.923076923076923, 0.923076923076923, 0.8333333333333333]
Hamming distance: 
[1.0, 1.0, 1.0, 0.7777777777777778, 0.8888888888888888, 0.7777777777777778, 0.7777777777777778, 0.6666666666666666, 0.8888888888888888, 0.7777777777777778] +- [1.0, 1.0, 1.0, 0.7777777777777778, 0.8888888888888888, 0.7777777777777778, 0.7777777777777778, 0.6666666666666666, 0.8888888888888888, 0.7777777777777778]
Precision: 
[1.0, 1.0, 1.0, 1.0, 1.0, 0.8333333333333334, 0.7142857142857143, 0.6666666666666666, 1.0, 1.0] +- [1.0, 1.0, 1.0, 1.0, 1.0, 0.8333333333333334, 0.7142857142857143, 0.6666666666666666, 1.0, 1.0]
Recall: 
[1.0, 1.0, 1.0, 0.6, 0.8, 1.0, 1.0, 0.8, 0.8, 0.8] +- [1.0, 1.0, 1.0, 0.6, 0.8, 1.0, 1.0, 0.8, 0.8, 0.8]
F-Score: 
[1.0, 1.0, 1.0, 0.7499999999999999, 0.888888888888889, 0.9090909090909091, 0.8333333333333333, 0.7272727272727272, 0.888888888888889, 0.888888888888889] +- [1.0, 1.0, 1.0, 0.7499999999999999, 0.888888888888889, 0.9090909090909091, 0.8333333333333333, 0.7272727272727272, 0.888888888888889, 0.888888888888889]
Temporal Topology: 
[] +- []
Temporal Precision: 
[] +- []
Temporal Recall: 
[] +- []
Temporal F-Score: 
[0] +- [0]


Summary Unit
Topology: 
0.9057142857142859 +- 0.09566096595876115
precision Non Oriented: 
0.9777777777777779 +- 0.06666666666666667
recall Non Oriented: 
0.9285714285714285 +- 0.095831484749991
F1 Non Oriented: 
0.9477564102564102 +- 0.058189629982285905
Hamming distance: 
0.8555555555555555 +- 0.111665284679121
Precision: 
0.9214285714285715 +- 0.12601065354665944
Recall: 
0.8800000000000001 +- 0.132664991614216
F-Score: 
0.8886363636363637 +- 0.09270428677934268

Summary Temporal
Temporal Topology: 
nan +- nan
Temporal Precision: 
nan +- nan
Temporal Recall: 
nan +- nan
Temporal F-Score: 
0.0 +- 0.0