Topology: 
[1.0, 0.8, 1.0, 1.0, 0.8, 1.0, 0.8, 0.8, 0.6, 0.8] +- [1.0, 0.8, 1.0, 1.0, 0.8, 1.0, 0.8, 0.8, 0.6, 0.8]
precision Non Oriented: 
[1.0, 1.0, 1.0, 1.0, 1.0, 1.0, 1.0, 1.0, 1.0, 1.0] +- [1.0, 1.0, 1.0, 1.0, 1.0, 1.0, 1.0, 1.0, 1.0, 1.0]
recall Non Oriented: 
[1.0, 0.8571428571428571, 1.0, 1.0, 0.8571428571428571, 1.0, 0.7142857142857143, 0.8571428571428571, 0.5714285714285714, 0.7142857142857143] +- [1.0, 0.8571428571428571, 1.0, 1.0, 0.8571428571428571, 1.0, 0.7142857142857143, 0.8571428571428571, 0.5714285714285714, 0.7142857142857143]
F1 Non Oriented: 
[1.0, 0.923076923076923, 1.0, 1.0, 0.923076923076923, 1.0, 0.8333333333333333, 0.923076923076923, 0.7272727272727273, 0.8333333333333333] +- [1.0, 0.923076923076923, 1.0, 1.0, 0.923076923076923, 1.0, 0.8333333333333333, 0.923076923076923, 0.7272727272727273, 0.8333333333333333]
Hamming distance: 
[0.6666666666666666, 0.8888888888888888, 1.0, 0.6666666666666666, 0.7777777777777778, 0.8888888888888888, 0.6666666666666666, 0.7777777777777778, 0.6666666666666666, 0.6666666666666666] +- [0.6666666666666666, 0.8888888888888888, 1.0, 0.6666666666666666, 0.7777777777777778, 0.8888888888888888, 0.6666666666666666, 0.7777777777777778, 0.6666666666666666, 0.6666666666666666]
Precision: 
[0.6666666666666666, 1.0, 1.0, 0.75, 1.0, 1.0, 1.0, 1.0, 1.0, 1.0] +- [0.6666666666666666, 1.0, 1.0, 0.75, 1.0, 1.0, 1.0, 1.0, 1.0, 1.0]
Recall: 
[0.8, 0.8, 1.0, 0.6, 0.6, 0.8, 0.6, 0.6, 0.6, 0.6] +- [0.8, 0.8, 1.0, 0.6, 0.6, 0.8, 0.6, 0.6, 0.6, 0.6]
F-Score: 
[0.7272727272727272, 0.888888888888889, 1.0, 0.6666666666666665, 0.7499999999999999, 0.888888888888889, 0.7499999999999999, 0.7499999999999999, 0.7499999999999999, 0.7499999999999999] +- [0.7272727272727272, 0.888888888888889, 1.0, 0.6666666666666665, 0.7499999999999999, 0.888888888888889, 0.7499999999999999, 0.7499999999999999, 0.7499999999999999, 0.7499999999999999]
Temporal Topology: 
[] +- []
Temporal Precision: 
[] +- []
Temporal Recall: 
[] +- []
Temporal F-Score: 
[0] +- [0]


Summary Unit
Topology: 
0.86 +- 0.12806248474865697
precision Non Oriented: 
1.0 +- 0.0
recall Non Oriented: 
0.8571428571428571 +- 0.14285714285714288
F1 Non Oriented: 
0.9163170163170162 +- 0.08812422059450367
Hamming distance: 
0.7666666666666666 +- 0.11600340565456167
Precision: 
0.9416666666666667 +- 0.11814539065631523
Recall: 
0.7 +- 0.1341640786499874
F-Score: 
0.7921717171717171 +- 0.09526630201258554

Summary Temporal
Temporal Topology: 
nan +- nan
Temporal Precision: 
nan +- nan
Temporal Recall: 
nan +- nan
Temporal F-Score: 
0.0 +- 0.0