Topology: 
[0.8, 1.0, 1.0, 1.0, 0.6, 1.0, 1.0, 0.8, 1.0, 0.8] +- [0.8, 1.0, 1.0, 1.0, 0.6, 1.0, 1.0, 0.8, 1.0, 0.8]
precision Non Oriented: 
[1.0, 1.0, 1.0, 1.0, 1.0, 1.0, 1.0, 1.0, 1.0, 1.0] +- [1.0, 1.0, 1.0, 1.0, 1.0, 1.0, 1.0, 1.0, 1.0, 1.0]
recall Non Oriented: 
[0.7142857142857143, 1.0, 1.0, 1.0, 0.42857142857142855, 1.0, 1.0, 0.7142857142857143, 1.0, 0.7142857142857143] +- [0.7142857142857143, 1.0, 1.0, 1.0, 0.42857142857142855, 1.0, 1.0, 0.7142857142857143, 1.0, 0.7142857142857143]
F1 Non Oriented: 
[0.8333333333333333, 1.0, 1.0, 1.0, 0.6, 1.0, 1.0, 0.8333333333333333, 1.0, 0.8333333333333333] +- [0.8333333333333333, 1.0, 1.0, 1.0, 0.6, 1.0, 1.0, 0.8333333333333333, 1.0, 0.8333333333333333]
Hamming distance: 
[0.6666666666666666, 0.8888888888888888, 1.0, 0.8888888888888888, 0.5555555555555556, 1.0, 1.0, 0.5555555555555556, 1.0, 0.7777777777777778] +- [0.6666666666666666, 0.8888888888888888, 1.0, 0.8888888888888888, 0.5555555555555556, 1.0, 1.0, 0.5555555555555556, 1.0, 0.7777777777777778]
Precision: 
[1.0, 0.8333333333333334, 1.0, 0.8333333333333334, 1.0, 1.0, 1.0, 0.75, 1.0, 1.0] +- [1.0, 0.8333333333333334, 1.0, 0.8333333333333334, 1.0, 1.0, 1.0, 0.75, 1.0, 1.0]
Recall: 
[0.6, 1.0, 1.0, 1.0, 0.6, 1.0, 1.0, 0.6, 1.0, 0.8] +- [0.6, 1.0, 1.0, 1.0, 0.6, 1.0, 1.0, 0.6, 1.0, 0.8]
F-Score: 
[0.7499999999999999, 0.9090909090909091, 1.0, 0.9090909090909091, 0.7499999999999999, 1.0, 1.0, 0.6666666666666665, 1.0, 0.888888888888889] +- [0.7499999999999999, 0.9090909090909091, 1.0, 0.9090909090909091, 0.7499999999999999, 1.0, 1.0, 0.6666666666666665, 1.0, 0.888888888888889]
Temporal Topology: 
[] +- []
Temporal Precision: 
[] +- []
Temporal Recall: 
[] +- []
Temporal F-Score: 
[0] +- [0]


Summary Unit
Topology: 
0.9 +- 0.1341640786499874
precision Non Oriented: 
1.0 +- 0.0
recall Non Oriented: 
0.8571428571428571 +- 0.191662969499982
F1 Non Oriented: 
0.9099999999999999 +- 0.12741009902410932
Hamming distance: 
0.8333333333333334 +- 0.17391639824998364
Precision: 
0.9416666666666668 +- 0.09166666666666666
Recall: 
0.8600000000000001 +- 0.18
F-Score: 
0.8873737373737374 +- 0.11753253396897932

Summary Temporal
Temporal Topology: 
nan +- nan
Temporal Precision: 
nan +- nan
Temporal Recall: 
nan +- nan
Temporal F-Score: 
0.0 +- 0.0