Topology: 
[0.8, 1.0, 1.0, 1.0, 0.6, 1.0, 1.0, 1.0, 1.0, 1.0] +- [0.8, 1.0, 1.0, 1.0, 0.6, 1.0, 1.0, 1.0, 1.0, 1.0]
precision Non Oriented: 
[1.0, 1.0, 1.0, 1.0, 1.0, 1.0, 1.0, 1.0, 1.0, 1.0] +- [1.0, 1.0, 1.0, 1.0, 1.0, 1.0, 1.0, 1.0, 1.0, 1.0]
recall Non Oriented: 
[0.7142857142857143, 1.0, 1.0, 1.0, 0.42857142857142855, 1.0, 1.0, 1.0, 1.0, 1.0] +- [0.7142857142857143, 1.0, 1.0, 1.0, 0.42857142857142855, 1.0, 1.0, 1.0, 1.0, 1.0]
F1 Non Oriented: 
[0.8333333333333333, 1.0, 1.0, 1.0, 0.6, 1.0, 1.0, 1.0, 1.0, 1.0] +- [0.8333333333333333, 1.0, 1.0, 1.0, 0.6, 1.0, 1.0, 1.0, 1.0, 1.0]
Hamming distance: 
[0.7777777777777778, 1.0, 1.0, 1.0, 0.5555555555555556, 1.0, 1.0, 1.0, 1.0, 0.8888888888888888] +- [0.7777777777777778, 1.0, 1.0, 1.0, 0.5555555555555556, 1.0, 1.0, 1.0, 1.0, 0.8888888888888888]
Precision: 
[1.0, 1.0, 1.0, 1.0, 1.0, 1.0, 1.0, 1.0, 1.0, 0.8333333333333334] +- [1.0, 1.0, 1.0, 1.0, 1.0, 1.0, 1.0, 1.0, 1.0, 0.8333333333333334]
Recall: 
[0.8, 1.0, 1.0, 1.0, 0.6, 1.0, 1.0, 1.0, 1.0, 1.0] +- [0.8, 1.0, 1.0, 1.0, 0.6, 1.0, 1.0, 1.0, 1.0, 1.0]
F-Score: 
[0.888888888888889, 1.0, 1.0, 1.0, 0.7499999999999999, 1.0, 1.0, 1.0, 1.0, 0.9090909090909091] +- [0.888888888888889, 1.0, 1.0, 1.0, 0.7499999999999999, 1.0, 1.0, 1.0, 1.0, 0.9090909090909091]
Temporal Topology: 
[] +- []
Temporal Precision: 
[] +- []
Temporal Recall: 
[] +- []
Temporal F-Score: 
[0] +- [0]


Summary Unit
Topology: 
0.9400000000000001 +- 0.12806248474865697
precision Non Oriented: 
1.0 +- 0.0
recall Non Oriented: 
0.9142857142857143 +- 0.18294640678379565
F1 Non Oriented: 
0.9433333333333334 +- 0.12476644848141935
Hamming distance: 
0.9222222222222222 +- 0.14098419489388356
Precision: 
0.9833333333333334 +- 0.04999999999999999
Recall: 
0.9400000000000001 +- 0.12806248474865697
F-Score: 
0.9547979797979798 +- 0.0791693851932833

Summary Temporal
Temporal Topology: 
nan +- nan
Temporal Precision: 
nan +- nan
Temporal Recall: 
nan +- nan
Temporal F-Score: 
0.0 +- 0.0