Topology: 
[1.0, 0.8333333333333334, 0.8333333333333334, 0.8333333333333334, 1.0, 1.0, 0.8333333333333334, 0.8333333333333334, 0.8333333333333334, 0.8333333333333334] +- [1.0, 0.8333333333333334, 0.8333333333333334, 0.8333333333333334, 1.0, 1.0, 0.8333333333333334, 0.8333333333333334, 0.8333333333333334, 0.8333333333333334]
precision Non Oriented: 
[1.0, 1.0, 1.0, 1.0, 1.0, 1.0, 1.0, 1.0, 1.0, 1.0] +- [1.0, 1.0, 1.0, 1.0, 1.0, 1.0, 1.0, 1.0, 1.0, 1.0]
recall Non Oriented: 
[1.0, 0.7777777777777778, 0.7777777777777778, 0.7777777777777778, 1.0, 1.0, 0.7777777777777778, 0.7777777777777778, 0.7777777777777778, 0.7777777777777778] +- [1.0, 0.7777777777777778, 0.7777777777777778, 0.7777777777777778, 1.0, 1.0, 0.7777777777777778, 0.7777777777777778, 0.7777777777777778, 0.7777777777777778]
F1 Non Oriented: 
[1.0, 0.8750000000000001, 0.8750000000000001, 0.8750000000000001, 1.0, 1.0, 0.8750000000000001, 0.8750000000000001, 0.8750000000000001, 0.8750000000000001] +- [1.0, 0.8750000000000001, 0.8750000000000001, 0.8750000000000001, 1.0, 1.0, 0.8750000000000001, 0.8750000000000001, 0.8750000000000001, 0.8750000000000001]
Hamming distance: 
[0.7777777777777778, 0.6666666666666666, 0.5555555555555556, 0.7777777777777778, 0.7777777777777778, 0.6666666666666666, 0.7777777777777778, 0.6666666666666666, 0.7777777777777778, 0.6666666666666666] +- [0.7777777777777778, 0.6666666666666666, 0.5555555555555556, 0.7777777777777778, 0.7777777777777778, 0.6666666666666666, 0.7777777777777778, 0.6666666666666666, 0.7777777777777778, 0.6666666666666666]
Precision: 
[1.0, 1.0, 1.0, 1.0, 1.0, 0.8333333333333334, 1.0, 1.0, 1.0, 0.8571428571428571] +- [1.0, 1.0, 1.0, 1.0, 1.0, 0.8333333333333334, 1.0, 1.0, 1.0, 0.8571428571428571]
Recall: 
[0.7142857142857143, 0.7142857142857143, 0.5714285714285714, 0.7142857142857143, 0.7142857142857143, 0.7142857142857143, 0.7142857142857143, 0.7142857142857143, 0.7142857142857143, 0.8571428571428571] +- [0.7142857142857143, 0.7142857142857143, 0.5714285714285714, 0.7142857142857143, 0.7142857142857143, 0.7142857142857143, 0.7142857142857143, 0.7142857142857143, 0.7142857142857143, 0.8571428571428571]
F-Score: 
[0.8333333333333333, 0.8333333333333333, 0.7272727272727273, 0.8333333333333333, 0.8333333333333333, 0.7692307692307692, 0.8333333333333333, 0.8333333333333333, 0.8333333333333333, 0.8571428571428571] +- [0.8333333333333333, 0.8333333333333333, 0.7272727272727273, 0.8333333333333333, 0.8333333333333333, 0.7692307692307692, 0.8333333333333333, 0.8333333333333333, 0.8333333333333333, 0.8571428571428571]
Temporal Topology: 
[] +- []
Temporal Precision: 
[] +- []
Temporal Recall: 
[] +- []
Temporal F-Score: 
[0] +- [0]


Summary Unit
Topology: 
0.8833333333333334 +- 0.07637626158259732
precision Non Oriented: 
1.0 +- 0.0
recall Non Oriented: 
0.8444444444444444 +- 0.1018350154434631
F1 Non Oriented: 
0.9125 +- 0.05728219618694795
Hamming distance: 
0.711111111111111 +- 0.0737027731190089
Precision: 
0.9690476190476192 +- 0.062133277860475664
Recall: 
0.7142857142857142 +- 0.06388765649999398
F-Score: 
0.8186979686979686 +- 0.03712538932644593

Summary Temporal
Temporal Topology: 
nan +- nan
Temporal Precision: 
nan +- nan
Temporal Recall: 
nan +- nan
Temporal F-Score: 
0.0 +- 0.0