Topology: 
[0.5416666666666666, 0.6153846153846154, 0.6153846153846154, 0.8636363636363636, 0.8, 0.6818181818181818, 0.6923076923076923, 0.6428571428571429, 0.7692307692307693, 0.5909090909090909] +- [0.5416666666666666, 0.6153846153846154, 0.6153846153846154, 0.8636363636363636, 0.8, 0.6818181818181818, 0.6923076923076923, 0.6428571428571429, 0.7692307692307693, 0.5909090909090909]
precision Non Oriented: 
[0.8, 0.7692307692307693, 0.76, 0.9354838709677419, 1.0, 0.9130434782608695, 0.7931034482758621, 0.7333333333333333, 0.8181818181818182, 0.9] +- [0.8, 0.7692307692307693, 0.76, 0.9354838709677419, 1.0, 0.9130434782608695, 0.7931034482758621, 0.7333333333333333, 0.8181818181818182, 0.9]
recall Non Oriented: 
[0.48484848484848486, 0.6060606060606061, 0.5757575757575758, 0.8787878787878788, 0.7575757575757576, 0.6363636363636364, 0.696969696969697, 0.6666666666666666, 0.8181818181818182, 0.5454545454545454] +- [0.48484848484848486, 0.6060606060606061, 0.5757575757575758, 0.8787878787878788, 0.7575757575757576, 0.6363636363636364, 0.696969696969697, 0.6666666666666666, 0.8181818181818182, 0.5454545454545454]
F1 Non Oriented: 
[0.6037735849056605, 0.6779661016949152, 0.6551724137931034, 0.90625, 0.8620689655172413, 0.75, 0.7419354838709677, 0.6984126984126984, 0.8181818181818182, 0.679245283018868] +- [0.6037735849056605, 0.6779661016949152, 0.6551724137931034, 0.90625, 0.8620689655172413, 0.75, 0.7419354838709677, 0.6984126984126984, 0.8181818181818182, 0.679245283018868]
Hamming distance: 
[0.5306122448979592, 0.5918367346938775, 0.5510204081632653, 0.7346938775510204, 0.6938775510204082, 0.6122448979591837, 0.5510204081632653, 0.5918367346938775, 0.6326530612244898, 0.5510204081632653] +- [0.5306122448979592, 0.5918367346938775, 0.5510204081632653, 0.7346938775510204, 0.6938775510204082, 0.6122448979591837, 0.5510204081632653, 0.5918367346938775, 0.6326530612244898, 0.5510204081632653]
Precision: 
[0.6875, 0.8125, 0.6190476190476191, 0.7272727272727273, 0.7368421052631579, 0.7, 0.631578947368421, 0.7368421052631579, 0.6296296296296297, 0.7142857142857143] +- [0.6875, 0.8125, 0.6190476190476191, 0.7272727272727273, 0.7368421052631579, 0.7, 0.631578947368421, 0.7368421052631579, 0.6296296296296297, 0.7142857142857143]
Recall: 
[0.55, 0.65, 0.65, 0.8, 0.7, 0.7, 0.6, 0.7, 0.85, 0.5] +- [0.55, 0.65, 0.65, 0.8, 0.7, 0.7, 0.6, 0.7, 0.85, 0.5]
F-Score: 
[0.6111111111111112, 0.7222222222222223, 0.6341463414634146, 0.761904761904762, 0.717948717948718, 0.7, 0.6153846153846154, 0.717948717948718, 0.723404255319149, 0.588235294117647] +- [0.6111111111111112, 0.7222222222222223, 0.6341463414634146, 0.761904761904762, 0.717948717948718, 0.7, 0.6153846153846154, 0.717948717948718, 0.723404255319149, 0.588235294117647]
Temporal Topology: 
[] +- []
Temporal Precision: 
[] +- []
Temporal Recall: 
[] +- []
Temporal F-Score: 
[0] +- [0]


Summary Unit
Topology: 
0.6813195138195138 +- 0.09644947227613332
precision Non Oriented: 
0.8422376718250394 +- 0.08406178025855576
recall Non Oriented: 
0.6666666666666666 +- 0.11736313170325506
F1 Non Oriented: 
0.7393006349395272 +- 0.0915277804267322
Hamming distance: 
0.6040816326530613 +- 0.06336397835208175
Precision: 
0.6995498848130427 +- 0.05714871489395833
Recall: 
0.6699999999999999 +- 0.10049875621120889
F-Score: 
0.6792306037420357 +- 0.05752692614937602

Summary Temporal
Temporal Topology: 
nan +- nan
Temporal Precision: 
nan +- nan
Temporal Recall: 
nan +- nan
Temporal F-Score: 
0.0 +- 0.0