Topology: 
[0.8333333333333334, 0.6666666666666666, 0.8333333333333334, 0.6666666666666666, 1.0, 0.8333333333333334, 0.8333333333333334, 1.0, 0.6666666666666666, 0.6666666666666666] +- [0.8333333333333334, 0.6666666666666666, 0.8333333333333334, 0.6666666666666666, 1.0, 0.8333333333333334, 0.8333333333333334, 1.0, 0.6666666666666666, 0.6666666666666666]
precision Non Oriented: 
[1.0, 1.0, 1.0, 1.0, 1.0, 1.0, 1.0, 1.0, 1.0, 1.0] +- [1.0, 1.0, 1.0, 1.0, 1.0, 1.0, 1.0, 1.0, 1.0, 1.0]
recall Non Oriented: 
[0.7777777777777778, 0.6666666666666666, 0.7777777777777778, 0.5555555555555556, 1.0, 0.7777777777777778, 0.7777777777777778, 1.0, 0.5555555555555556, 0.5555555555555556] +- [0.7777777777777778, 0.6666666666666666, 0.7777777777777778, 0.5555555555555556, 1.0, 0.7777777777777778, 0.7777777777777778, 1.0, 0.5555555555555556, 0.5555555555555556]
F1 Non Oriented: 
[0.8750000000000001, 0.8, 0.8750000000000001, 0.7142857142857143, 1.0, 0.8750000000000001, 0.8750000000000001, 1.0, 0.7142857142857143, 0.7142857142857143] +- [0.8750000000000001, 0.8, 0.8750000000000001, 0.7142857142857143, 1.0, 0.8750000000000001, 0.8750000000000001, 1.0, 0.7142857142857143, 0.7142857142857143]
Hamming distance: 
[0.6666666666666666, 0.3333333333333333, 0.4444444444444444, 0.5555555555555556, 0.6666666666666666, 0.6666666666666666, 0.6666666666666666, 0.7777777777777778, 0.5555555555555556, 0.5555555555555556] +- [0.6666666666666666, 0.3333333333333333, 0.4444444444444444, 0.5555555555555556, 0.6666666666666666, 0.6666666666666666, 0.6666666666666666, 0.7777777777777778, 0.5555555555555556, 0.5555555555555556]
Precision: 
[0.8571428571428571, 0.75, 0.75, 1.0, 1.0, 1.0, 1.0, 1.0, 1.0, 1.0] +- [0.8571428571428571, 0.75, 0.75, 1.0, 1.0, 1.0, 1.0, 1.0, 1.0, 1.0]
Recall: 
[0.8571428571428571, 0.42857142857142855, 0.42857142857142855, 0.5714285714285714, 0.5714285714285714, 0.7142857142857143, 0.5714285714285714, 0.7142857142857143, 0.5714285714285714, 0.5714285714285714] +- [0.8571428571428571, 0.42857142857142855, 0.42857142857142855, 0.5714285714285714, 0.5714285714285714, 0.7142857142857143, 0.5714285714285714, 0.7142857142857143, 0.5714285714285714, 0.5714285714285714]
F-Score: 
[0.8571428571428571, 0.5454545454545454, 0.5454545454545454, 0.7272727272727273, 0.7272727272727273, 0.8333333333333333, 0.7272727272727273, 0.8333333333333333, 0.7272727272727273, 0.7272727272727273] +- [0.8571428571428571, 0.5454545454545454, 0.5454545454545454, 0.7272727272727273, 0.7272727272727273, 0.8333333333333333, 0.7272727272727273, 0.8333333333333333, 0.7272727272727273, 0.7272727272727273]
Temporal Topology: 
[] +- []
Temporal Precision: 
[] +- []
Temporal Recall: 
[] +- []
Temporal F-Score: 
[0] +- [0]


Summary Unit
Topology: 
0.8 +- 0.12472191289246475
precision Non Oriented: 
1.0 +- 0.0
recall Non Oriented: 
0.7444444444444444 +- 0.1575271875417536
F1 Non Oriented: 
0.8442857142857143 +- 0.10243464815606652
Hamming distance: 
0.5888888888888888 +- 0.12222222222222222
Precision: 
0.9357142857142857 +- 0.10202040612204072
Recall: 
0.5999999999999999 +- 0.1245399698154478
F-Score: 
0.7251082251082251 +- 0.10268047853974388

Summary Temporal
Temporal Topology: 
nan +- nan
Temporal Precision: 
nan +- nan
Temporal Recall: 
nan +- nan
Temporal F-Score: 
0.0 +- 0.0