Topology: 
[0.875, 0.875, 0.7, 0.875, 0.8, 0.875, 1.0, 0.875, 0.8, 0.875] +- [0.875, 0.875, 0.7, 0.875, 0.8, 0.875, 1.0, 0.875, 0.8, 0.875]
precision Non Oriented: 
[1.0, 1.0, 0.8, 1.0, 0.8333333333333334, 1.0, 1.0, 1.0, 0.8333333333333334, 1.0] +- [1.0, 1.0, 0.8, 1.0, 0.8333333333333334, 1.0, 1.0, 1.0, 0.8333333333333334, 1.0]
recall Non Oriented: 
[0.8333333333333334, 0.8333333333333334, 0.6666666666666666, 0.9166666666666666, 0.8333333333333334, 0.8333333333333334, 1.0, 0.8333333333333334, 0.8333333333333334, 0.8333333333333334] +- [0.8333333333333334, 0.8333333333333334, 0.6666666666666666, 0.9166666666666666, 0.8333333333333334, 0.8333333333333334, 1.0, 0.8333333333333334, 0.8333333333333334, 0.8333333333333334]
F1 Non Oriented: 
[0.9090909090909091, 0.9090909090909091, 0.7272727272727272, 0.9565217391304348, 0.8333333333333334, 0.9090909090909091, 1.0, 0.9090909090909091, 0.8333333333333334, 0.9090909090909091] +- [0.9090909090909091, 0.9090909090909091, 0.7272727272727272, 0.9565217391304348, 0.8333333333333334, 0.9090909090909091, 1.0, 0.9090909090909091, 0.8333333333333334, 0.9090909090909091]
Hamming distance: 
[0.75, 0.75, 0.625, 0.9375, 0.5625, 0.875, 1.0, 0.875, 0.625, 0.875] +- [0.75, 0.75, 0.625, 0.9375, 0.5625, 0.875, 1.0, 0.875, 0.625, 0.875]
Precision: 
[1.0, 0.7777777777777778, 0.8571428571428571, 1.0, 0.6666666666666666, 1.0, 1.0, 1.0, 0.75, 1.0] +- [1.0, 0.7777777777777778, 0.8571428571428571, 1.0, 0.6666666666666666, 1.0, 1.0, 1.0, 0.75, 1.0]
Recall: 
[0.625, 0.875, 0.75, 0.875, 0.75, 0.875, 1.0, 0.875, 0.75, 0.875] +- [0.625, 0.875, 0.75, 0.875, 0.75, 0.875, 1.0, 0.875, 0.75, 0.875]
F-Score: 
[0.7692307692307693, 0.823529411764706, 0.7999999999999999, 0.9333333333333333, 0.7058823529411765, 0.9333333333333333, 1.0, 0.9333333333333333, 0.75, 0.9333333333333333] +- [0.7692307692307693, 0.823529411764706, 0.7999999999999999, 0.9333333333333333, 0.7058823529411765, 0.9333333333333333, 1.0, 0.9333333333333333, 0.75, 0.9333333333333333]
Temporal Topology: 
[] +- []
Temporal Precision: 
[] +- []
Temporal Recall: 
[] +- []
Temporal F-Score: 
[0] +- [0]


Summary Unit
Topology: 
0.8550000000000001 +- 0.07314369419163898
precision Non Oriented: 
0.9466666666666667 +- 0.08192137151629669
recall Non Oriented: 
0.8416666666666666 +- 0.07861650943380503
F1 Non Oriented: 
0.8895915678524373 +- 0.07158783078834782
Hamming distance: 
0.7875 +- 0.1403121520040228
Precision: 
0.90515873015873 +- 0.12387627931721003
Recall: 
0.825 +- 0.1
F-Score: 
0.8581975867269985 +- 0.0949210357985302

Summary Temporal
Temporal Topology: 
nan +- nan
Temporal Precision: 
nan +- nan
Temporal Recall: 
nan +- nan
Temporal F-Score: 
0.0 +- 0.0