Topology: 
[1.         1.         1.         1.         0.8        0.85714286
 1.         0.8        0.8        0.8       ] +- [1.         1.         1.         1.         0.8        0.85714286
 1.         0.8        0.8        0.8       ]
precision Non Oriented: 
[1.         1.         1.         1.         1.         0.77777778
 1.         1.         1.         1.        ] +- [1.         1.         1.         1.         1.         0.77777778
 1.         1.         1.         1.        ]
recall Non Oriented: 
[1.         1.         1.         1.         0.85714286 1.
 1.         0.85714286 0.85714286 0.71428571] +- [1.         1.         1.         1.         0.85714286 1.
 1.         0.85714286 0.85714286 0.71428571]
F1 Non Oriented: 
[1.         1.         1.         1.         0.92307692 0.875
 1.         0.92307692 0.92307692 0.83333333] +- [1.         1.         1.         1.         0.92307692 0.875
 1.         0.92307692 0.92307692 0.83333333]
Hamming distance: 
[1.         1.         1.         0.77777778 0.88888889 0.77777778
 0.77777778 0.66666667 0.88888889 0.77777778] +- [1.         1.         1.         0.77777778 0.88888889 0.77777778
 0.77777778 0.66666667 0.88888889 0.77777778]
Precision: 
[1.         1.         1.         1.         1.         0.83333333
 0.71428571 0.66666667 1.         1.        ] +- [1.         1.         1.         1.         1.         0.83333333
 0.71428571 0.66666667 1.         1.        ]
Recall: 
[1.  1.  1.  0.6 0.8 1.  1.  0.8 0.8 0.8] +- [1.  1.  1.  0.6 0.8 1.  1.  0.8 0.8 0.8]
F-Score: 
[1.         1.         1.         0.75       0.88888889 0.90909091
 0.83333333 0.72727273 0.88888889 0.88888889] +- [1.         1.         1.         0.75       0.88888889 0.90909091
 0.83333333 0.72727273 0.88888889 0.88888889]
Temporal Topology: 
[0. 0. 0. 0. 0. 0. 0. 0. 0. 0.] +- [0. 0. 0. 0. 0. 0. 0. 0. 0. 0.]
Temporal Precision: 
[0. 0. 0. 0. 0. 0. 0. 0. 0. 0.] +- [0. 0. 0. 0. 0. 0. 0. 0. 0. 0.]
Temporal Recall: 
[0. 0. 0. 0. 0. 0. 0. 0. 0. 0.] +- [0. 0. 0. 0. 0. 0. 0. 0. 0. 0.]
Temporal F-Score: 
[0. 0. 0. 0. 0. 0. 0. 0. 0. 0.] +- [0. 0. 0. 0. 0. 0. 0. 0. 0. 0.]


Summary Unit
Topology: 
0.9057142857142859 +- 0.09566096595876115
precision Non Oriented: 
0.9777777777777779 +- 0.06666666666666667
recall Non Oriented: 
0.9285714285714285 +- 0.095831484749991
F1 Non Oriented: 
0.9477564102564102 +- 0.058189629982285905
Hamming distance: 
0.8555555555555555 +- 0.111665284679121
Precision: 
0.9214285714285715 +- 0.12601065354665944
Recall: 
0.8800000000000001 +- 0.132664991614216
F-Score: 
0.8886363636363637 +- 0.09270428677934268

Summary Temporal
Temporal Topology: 
0.0 +- 0.0
Temporal Precision: 
0.0 +- 0.0
Temporal Recall: 
0.0 +- 0.0
Temporal F-Score: 
0.0 +- 0.0


Computational Time
Temporal F-Score: 
7.386502265930176 +- 1.4014977662122672