Topology: 
[1.  1.  1.  1.  1.  0.8 1.  0.8 1.  0.8] +- [1.  1.  1.  1.  1.  0.8 1.  0.8 1.  0.8]
precision Non Oriented: 
[1. 1. 1. 1. 1. 1. 1. 1. 1. 1.] +- [1. 1. 1. 1. 1. 1. 1. 1. 1. 1.]
recall Non Oriented: 
[1.         1.         1.         1.         1.         0.71428571
 1.         0.85714286 1.         0.71428571] +- [1.         1.         1.         1.         1.         0.71428571
 1.         0.85714286 1.         0.71428571]
F1 Non Oriented: 
[1.         1.         1.         1.         1.         0.83333333
 1.         0.92307692 1.         0.83333333] +- [1.         1.         1.         1.         1.         0.83333333
 1.         0.92307692 1.         0.83333333]
Hamming distance: 
[0.77777778 0.88888889 0.88888889 0.88888889 0.77777778 0.66666667
 0.88888889 0.66666667 0.77777778 0.66666667] +- [0.77777778 0.88888889 0.88888889 0.88888889 0.77777778 0.66666667
 0.88888889 0.66666667 0.77777778 0.66666667]
Precision: 
[1.         1.         0.85714286 1.         1.         1.
 1.         0.8        1.         1.        ] +- [1.         1.         0.85714286 1.         1.         1.
 1.         0.8        1.         1.        ]
Recall: 
[0.66666667 0.83333333 1.         0.83333333 0.66666667 0.66666667
 0.83333333 0.66666667 0.66666667 0.66666667] +- [0.66666667 0.83333333 1.         0.83333333 0.66666667 0.66666667
 0.83333333 0.66666667 0.66666667 0.66666667]
F-Score: 
[0.8        0.90909091 0.92307692 0.90909091 0.8        0.8
 0.90909091 0.72727273 0.8        0.8       ] +- [0.8        0.90909091 0.92307692 0.90909091 0.8        0.8
 0.90909091 0.72727273 0.8        0.8       ]
Temporal Topology: 
[0. 0. 0. 0. 0. 0. 0. 0. 0. 0.] +- [0. 0. 0. 0. 0. 0. 0. 0. 0. 0.]
Temporal Precision: 
[0. 0. 0. 0. 0. 0. 0. 0. 0. 0.] +- [0. 0. 0. 0. 0. 0. 0. 0. 0. 0.]
Temporal Recall: 
[0. 0. 0. 0. 0. 0. 0. 0. 0. 0.] +- [0. 0. 0. 0. 0. 0. 0. 0. 0. 0.]
Temporal F-Score: 
[0. 0. 0. 0. 0. 0. 0. 0. 0. 0.] +- [0. 0. 0. 0. 0. 0. 0. 0. 0. 0.]


Summary Unit
Topology: 
0.9400000000000001 +- 0.09165151389911678
precision Non Oriented: 
1.0 +- 0.0
recall Non Oriented: 
0.9285714285714285 +- 0.11517511068997928
F1 Non Oriented: 
0.9589743589743589 +- 0.06681443190151481
Hamming distance: 
0.788888888888889 +- 0.09229582069908972
Precision: 
0.9657142857142856 +- 0.06975174637562116
Recall: 
0.75 +- 0.11180339887498951
F-Score: 
0.8377622377622377 +- 0.06471460308396795

Summary Temporal
Temporal Topology: 
0.0 +- 0.0
Temporal Precision: 
0.0 +- 0.0
Temporal Recall: 
0.0 +- 0.0
Temporal F-Score: 
0.0 +- 0.0


Computational Time
Temporal F-Score: 
7.668860363960266 +- 1.1276202442403918