Topology: 
[0.6, 0.8, 0.6, 0.6, 0.8, 0.6, 0.6, 0.5714285714285714, 0.8, 0.6] +- [0.6, 0.8, 0.6, 0.6, 0.8, 0.6, 0.6, 0.5714285714285714, 0.8, 0.6]
precision Non Oriented: 
[1.0, 1.0, 1.0, 1.0, 1.0, 1.0, 1.0, 0.6, 1.0, 1.0] +- [1.0, 1.0, 1.0, 1.0, 1.0, 1.0, 1.0, 0.6, 1.0, 1.0]
recall Non Oriented: 
[0.42857142857142855, 0.7142857142857143, 0.42857142857142855, 0.42857142857142855, 0.7142857142857143, 0.42857142857142855, 0.42857142857142855, 0.42857142857142855, 0.7142857142857143, 0.42857142857142855] +- [0.42857142857142855, 0.7142857142857143, 0.42857142857142855, 0.42857142857142855, 0.7142857142857143, 0.42857142857142855, 0.42857142857142855, 0.42857142857142855, 0.7142857142857143, 0.42857142857142855]
F1 Non Oriented: 
[0.6, 0.8333333333333333, 0.6, 0.6, 0.8333333333333333, 0.6, 0.6, 0.5, 0.8333333333333333, 0.6] +- [0.6, 0.8333333333333333, 0.6, 0.6, 0.8333333333333333, 0.6, 0.6, 0.5, 0.8333333333333333, 0.6]
Hamming distance: 
[0.5555555555555556, 0.7777777777777778, 0.5555555555555556, 0.5555555555555556, 0.7777777777777778, 0.5555555555555556, 0.5555555555555556, 0.3333333333333333, 0.7777777777777778, 0.5555555555555556] +- [0.5555555555555556, 0.7777777777777778, 0.5555555555555556, 0.5555555555555556, 0.7777777777777778, 0.5555555555555556, 0.5555555555555556, 0.3333333333333333, 0.7777777777777778, 0.5555555555555556]
Precision: 
[1.0, 1.0, 1.0, 1.0, 1.0, 1.0, 1.0, 0.75, 1.0, 1.0] +- [1.0, 1.0, 1.0, 1.0, 1.0, 1.0, 1.0, 0.75, 1.0, 1.0]
Recall: 
[0.6, 0.8, 0.6, 0.6, 0.8, 0.6, 0.6, 0.6, 0.8, 0.6] +- [0.6, 0.8, 0.6, 0.6, 0.8, 0.6, 0.6, 0.6, 0.8, 0.6]
F-Score: 
[0.7499999999999999, 0.888888888888889, 0.7499999999999999, 0.7499999999999999, 0.888888888888889, 0.7499999999999999, 0.7499999999999999, 0.6666666666666665, 0.888888888888889, 0.7499999999999999] +- [0.7499999999999999, 0.888888888888889, 0.7499999999999999, 0.7499999999999999, 0.888888888888889, 0.7499999999999999, 0.7499999999999999, 0.6666666666666665, 0.888888888888889, 0.7499999999999999]
Temporal Topology: 
[] +- []
Temporal Precision: 
[] +- []
Temporal Recall: 
[] +- []
Temporal F-Score: 
[0] +- [0]


Summary Unit
Topology: 
0.657142857142857 +- 0.09389529557231423
Precision Non Oriented: 
0.96 +- 0.12
Recall Non Oriented: 
0.5142857142857143 +- 0.13093073414159545
F1 Non Oriented: 
0.6599999999999999 +- 0.11718930554164628
Hamming distance: 
0.6 +- 0.13333333333333333
Precision: 
0.975 +- 0.075
Recall: 
0.6599999999999999 +- 0.09165151389911683
F-Score: 
0.7833333333333333 +- 0.07328281087929409

Summary Temporal
Temporal Topology: 
nan +- nan
Temporal Precision: 
nan +- nan
Temporal Recall: 
nan +- nan
Temporal F-Score: 
0.0 +- 0.0
