Topology: 
[0.6666666666666666, 0.5, 0.8333333333333334, 0.5, 0.5, 0.6666666666666666, 0.5, 0.6666666666666666, 0.5, 0.6666666666666666] +- [0.6666666666666666, 0.5, 0.8333333333333334, 0.5, 0.5, 0.6666666666666666, 0.5, 0.6666666666666666, 0.5, 0.6666666666666666]
precision Non Oriented: 
[1.0, 1.0, 1.0, 1.0, 1.0, 1.0, 1.0, 1.0, 1.0, 1.0] +- [1.0, 1.0, 1.0, 1.0, 1.0, 1.0, 1.0, 1.0, 1.0, 1.0]
recall Non Oriented: 
[0.5555555555555556, 0.3333333333333333, 0.7777777777777778, 0.3333333333333333, 0.3333333333333333, 0.5555555555555556, 0.3333333333333333, 0.5555555555555556, 0.3333333333333333, 0.5555555555555556] +- [0.5555555555555556, 0.3333333333333333, 0.7777777777777778, 0.3333333333333333, 0.3333333333333333, 0.5555555555555556, 0.3333333333333333, 0.5555555555555556, 0.3333333333333333, 0.5555555555555556]
F1 Non Oriented: 
[0.7142857142857143, 0.5, 0.8750000000000001, 0.5, 0.5, 0.7142857142857143, 0.5, 0.7142857142857143, 0.5, 0.7142857142857143] +- [0.7142857142857143, 0.5, 0.8750000000000001, 0.5, 0.5, 0.7142857142857143, 0.5, 0.7142857142857143, 0.5, 0.7142857142857143]
Hamming distance: 
[0.5555555555555556, 0.3333333333333333, 0.7777777777777778, 0.3333333333333333, 0.3333333333333333, 0.5555555555555556, 0.3333333333333333, 0.5555555555555556, 0.3333333333333333, 0.5555555555555556] +- [0.5555555555555556, 0.3333333333333333, 0.7777777777777778, 0.3333333333333333, 0.3333333333333333, 0.5555555555555556, 0.3333333333333333, 0.5555555555555556, 0.3333333333333333, 0.5555555555555556]
Precision: 
[1.0, 1.0, 1.0, 1.0, 1.0, 1.0, 1.0, 1.0, 1.0, 1.0] +- [1.0, 1.0, 1.0, 1.0, 1.0, 1.0, 1.0, 1.0, 1.0, 1.0]
Recall: 
[0.5714285714285714, 0.42857142857142855, 0.7142857142857143, 0.42857142857142855, 0.42857142857142855, 0.5714285714285714, 0.42857142857142855, 0.5714285714285714, 0.42857142857142855, 0.5714285714285714] +- [0.5714285714285714, 0.42857142857142855, 0.7142857142857143, 0.42857142857142855, 0.42857142857142855, 0.5714285714285714, 0.42857142857142855, 0.5714285714285714, 0.42857142857142855, 0.5714285714285714]
F-Score: 
[0.7272727272727273, 0.6, 0.8333333333333333, 0.6, 0.6, 0.7272727272727273, 0.6, 0.7272727272727273, 0.6, 0.7272727272727273] +- [0.7272727272727273, 0.6, 0.8333333333333333, 0.6, 0.6, 0.7272727272727273, 0.6, 0.7272727272727273, 0.6, 0.7272727272727273]
Temporal Topology: 
[] +- []
Temporal Precision: 
[] +- []
Temporal Recall: 
[] +- []
Temporal F-Score: 
[0] +- [0]


Summary Unit
Topology: 
0.6 +- 0.11055415967851333
Precision Non Oriented: 
1 +- 0
Recall Non Oriented: 
0.4666666666666666 +- 0.1474055462380178
F1 Non Oriented: 
0.6232142857142857 +- 0.1313319714871207
Hamming distance: 
0.4666666666666666 +- 0.1474055462380178
Precision: 
1.0 +- 0.0
Recall: 
0.5142857142857142 +- 0.09476070829586856
F-Score: 
0.6742424242424241 +- 0.08007400158620492

Summary Temporal
Temporal Topology: 
nan +- nan
Temporal Precision: 
nan +- nan
Temporal Recall: 
nan +- nan
Temporal F-Score: 
0.0 +- 0.0
