Topology: 
[0.8, 0.6, 0.6, 0.6, 0.6, 0.6, 0.6, 0.8, 1.0, 0.6] +- [0.8, 0.6, 0.6, 0.6, 0.6, 0.6, 0.6, 0.8, 1.0, 0.6]
precision Non Oriented: 
[1.0, 1.0, 1.0, 1.0, 1.0, 1.0, 1.0, 1.0, 1.0, 1.0] +- [1.0, 1.0, 1.0, 1.0, 1.0, 1.0, 1.0, 1.0, 1.0, 1.0]
recall Non Oriented: 
[0.7142857142857143, 0.42857142857142855, 0.42857142857142855, 0.42857142857142855, 0.42857142857142855, 0.42857142857142855, 0.42857142857142855, 0.7142857142857143, 1.0, 0.42857142857142855] +- [0.7142857142857143, 0.42857142857142855, 0.42857142857142855, 0.42857142857142855, 0.42857142857142855, 0.42857142857142855, 0.42857142857142855, 0.7142857142857143, 1.0, 0.42857142857142855]
F1 Non Oriented: 
[0.8333333333333333, 0.6, 0.6, 0.6, 0.6, 0.6, 0.6, 0.8333333333333333, 1.0, 0.6] +- [0.8333333333333333, 0.6, 0.6, 0.6, 0.6, 0.6, 0.6, 0.8333333333333333, 1.0, 0.6]
Hamming distance: 
[0.7777777777777778, 0.5555555555555556, 0.5555555555555556, 0.5555555555555556, 0.5555555555555556, 0.5555555555555556, 0.5555555555555556, 0.7777777777777778, 1.0, 0.5555555555555556] +- [0.7777777777777778, 0.5555555555555556, 0.5555555555555556, 0.5555555555555556, 0.5555555555555556, 0.5555555555555556, 0.5555555555555556, 0.7777777777777778, 1.0, 0.5555555555555556]
Precision: 
[1.0, 1.0, 1.0, 1.0, 1.0, 1.0, 1.0, 1.0, 1.0, 1.0] +- [1.0, 1.0, 1.0, 1.0, 1.0, 1.0, 1.0, 1.0, 1.0, 1.0]
Recall: 
[0.8, 0.6, 0.6, 0.6, 0.6, 0.6, 0.6, 0.8, 1.0, 0.6] +- [0.8, 0.6, 0.6, 0.6, 0.6, 0.6, 0.6, 0.8, 1.0, 0.6]
F-Score: 
[0.888888888888889, 0.7499999999999999, 0.7499999999999999, 0.7499999999999999, 0.7499999999999999, 0.7499999999999999, 0.7499999999999999, 0.888888888888889, 1.0, 0.7499999999999999] +- [0.888888888888889, 0.7499999999999999, 0.7499999999999999, 0.7499999999999999, 0.7499999999999999, 0.7499999999999999, 0.7499999999999999, 0.888888888888889, 1.0, 0.7499999999999999]
Temporal Topology: 
[] +- []
Temporal Precision: 
[] +- []
Temporal Recall: 
[] +- []
Temporal F-Score: 
[0] +- [0]


Summary Unit
Topology: 
0.6799999999999999 +- 0.13266499161421602
Precision Non Oriented:
1 +- 0 
Recall Non Oriented: 
0.5428571428571429 +- 0.18952141659173716
F1 Non Oriented: 
0.6866666666666665 +- 0.139204086785474
Hamming distance: 
0.6444444444444445 +- 0.14740554623801774
Precision: 
1.0 +- 0.0
Recall: 
0.6799999999999999 +- 0.13266499161421602
F-Score: 
0.8027777777777777 +- 0.08557178778194097

Summary Temporal
Temporal Topology: 
nan +- nan
Temporal Precision: 
nan +- nan
Temporal Recall: 
nan +- nan
Temporal F-Score: 
0.0 +- 0.0
