Topology: 
[0.8, 0.6, 0.8, 0.6, 0.6, 0.6, 0.8, 0.6, 0.6, 0.7142857142857143] +- [0.8, 0.6, 0.8, 0.6, 0.6, 0.6, 0.8, 0.6, 0.6, 0.7142857142857143]
precision Non Oriented: 
[1.0, 1.0, 1.0, 1.0, 1.0, 1.0, 1.0, 1.0, 1.0, 0.7142857142857143] +- [1.0, 1.0, 1.0, 1.0, 1.0, 1.0, 1.0, 1.0, 1.0, 0.7142857142857143]
recall Non Oriented: 
[0.7142857142857143, 0.42857142857142855, 0.7142857142857143, 0.42857142857142855, 0.42857142857142855, 0.42857142857142855, 0.7142857142857143, 0.42857142857142855, 0.42857142857142855, 0.7142857142857143] +- [0.7142857142857143, 0.42857142857142855, 0.7142857142857143, 0.42857142857142855, 0.42857142857142855, 0.42857142857142855, 0.7142857142857143, 0.42857142857142855, 0.42857142857142855, 0.7142857142857143]
F1 Non Oriented: 
[0.8333333333333333, 0.6, 0.8333333333333333, 0.6, 0.6, 0.6, 0.8333333333333333, 0.6, 0.6, 0.7142857142857143] +- [0.8333333333333333, 0.6, 0.8333333333333333, 0.6, 0.6, 0.6, 0.8333333333333333, 0.6, 0.6, 0.7142857142857143]
Hamming distance: 
[0.7777777777777778, 0.5555555555555556, 0.6666666666666666, 0.5555555555555556, 0.5555555555555556, 0.5555555555555556, 0.6666666666666666, 0.5555555555555556, 0.5555555555555556, 0.5555555555555556] +- [0.7777777777777778, 0.5555555555555556, 0.6666666666666666, 0.5555555555555556, 0.5555555555555556, 0.5555555555555556, 0.6666666666666666, 0.5555555555555556, 0.5555555555555556, 0.5555555555555556]
Precision: 
[1.0, 1.0, 1.0, 1.0, 1.0, 1.0, 1.0, 1.0, 1.0, 0.8333333333333334] +- [1.0, 1.0, 1.0, 1.0, 1.0, 1.0, 1.0, 1.0, 1.0, 0.8333333333333334]
Recall: 
[0.6666666666666666, 0.5, 0.6666666666666666, 0.5, 0.5, 0.5, 0.6666666666666666, 0.5, 0.5, 0.8333333333333334] +- [0.6666666666666666, 0.5, 0.6666666666666666, 0.5, 0.5, 0.5, 0.6666666666666666, 0.5, 0.5, 0.8333333333333334]
F-Score: 
[0.8, 0.6666666666666666, 0.8, 0.6666666666666666, 0.6666666666666666, 0.6666666666666666, 0.8, 0.6666666666666666, 0.6666666666666666, 0.8333333333333334] +- [0.8, 0.6666666666666666, 0.8, 0.6666666666666666, 0.6666666666666666, 0.6666666666666666, 0.8, 0.6666666666666666, 0.6666666666666666, 0.8333333333333334]
Temporal Topology: 
[] +- []
Temporal Precision: 
[] +- []
Temporal Recall: 
[] +- []
Temporal F-Score: 
[0] +- [0]


Summary Unit
Topology: 
0.6714285714285714 +- 0.09057638562369921
Precision Non Oriented:
 0.9714285714285713 +- 0.08571428571428572
Recall Non Oriented: 
0.5428571428571429 +- 0.13997084244475305
F1 Non Oriented: 
0.6814285714285713 +- 0.10492303625712973
Hamming distance: 
0.6 +- 0.07370277311900887
Precision: 
0.9833333333333334 +- 0.04999999999999999
Recall: 
0.5833333333333333 +- 0.11180339887498948
F-Score: 
0.7233333333333334 +- 0.07000000000000005

Summary Temporal
Temporal Topology: 
nan +- nan
Temporal Precision: 
nan +- nan
Temporal Recall: 
nan +- nan
Temporal F-Score: 
0.0 +- 0.0
