Topology: 
[0.6, 0.65, 0.6363636363636364, 0.45, 0.6, 0.6, 0.6, 0.6, 0.55, 0.6] +- [0.6, 0.65, 0.6363636363636364, 0.45, 0.6, 0.6, 0.6, 0.6, 0.55, 0.6]
precision Non Oriented: 
[1.0, 1.0, 0.9047619047619048, 1.0, 1.0, 1.0, 1.0, 1.0, 1.0, 1.0] +- [1.0, 1.0, 0.9047619047619048, 1.0, 1.0, 1.0, 1.0, 1.0, 1.0, 1.0]
recall Non Oriented: 
[0.5151515151515151, 0.5757575757575758, 0.5757575757575758, 0.3333333333333333, 0.5151515151515151, 0.5151515151515151, 0.5151515151515151, 0.5151515151515151, 0.45454545454545453, 0.5151515151515151] +- [0.5151515151515151, 0.5757575757575758, 0.5757575757575758, 0.3333333333333333, 0.5151515151515151, 0.5151515151515151, 0.5151515151515151, 0.5151515151515151, 0.45454545454545453, 0.5151515151515151]
F1 Non Oriented: 
[0.6799999999999999, 0.7307692307692308, 0.7037037037037038, 0.5, 0.6799999999999999, 0.6799999999999999, 0.6799999999999999, 0.6799999999999999, 0.625, 0.6799999999999999] +- [0.6799999999999999, 0.7307692307692308, 0.7037037037037038, 0.5, 0.6799999999999999, 0.6799999999999999, 0.6799999999999999, 0.6799999999999999, 0.625, 0.6799999999999999]
Hamming distance: 
[0.673469387755102, 0.7142857142857143, 0.673469387755102, 0.5510204081632653, 0.673469387755102, 0.673469387755102, 0.673469387755102, 0.673469387755102, 0.6326530612244898, 0.673469387755102] +- [0.673469387755102, 0.7142857142857143, 0.673469387755102, 0.5510204081632653, 0.673469387755102, 0.673469387755102, 0.673469387755102, 0.673469387755102, 0.6326530612244898, 0.673469387755102]
Precision: 
[1.0, 1.0, 0.9285714285714286, 1.0, 1.0, 1.0, 1.0, 1.0, 1.0, 1.0] +- [1.0, 1.0, 0.9285714285714286, 1.0, 1.0, 1.0, 1.0, 1.0, 1.0, 1.0]
Recall: 
[0.6, 0.65, 0.65, 0.45, 0.6, 0.6, 0.6, 0.6, 0.55, 0.6] +- [0.6, 0.65, 0.65, 0.45, 0.6, 0.6, 0.6, 0.6, 0.55, 0.6]
F-Score: 
[0.7499999999999999, 0.787878787878788, 0.7647058823529412, 0.6206896551724138, 0.7499999999999999, 0.7499999999999999, 0.7499999999999999, 0.7499999999999999, 0.7096774193548387, 0.7499999999999999] +- [0.7499999999999999, 0.787878787878788, 0.7647058823529412, 0.6206896551724138, 0.7499999999999999, 0.7499999999999999, 0.7499999999999999, 0.7499999999999999, 0.7096774193548387, 0.7499999999999999]
Temporal Topology: 
[] +- []
Temporal Precision: 
[] +- []
Temporal Recall: 
[] +- []
Temporal F-Score: 
[0] +- [0]


Summary Unit
Topology: 
0.5886363636363636 +- 0.05246998354825088
Precision Non Oriented:
0.9904761904761905 +- 0.02857142857142857
Recall Non Oriented:
0.5030303030303029 +- 0.06527472493496371
F1 Non Oriented: 
0.6639472934472934 +- 0.05998957116491108
Hamming distance: 
0.6612244897959183 +- 0.04101990049437099
Precision: 
0.9928571428571429 +- 0.02142857142857142
Recall: 
0.59 +- 0.053851648071345036
F-Score: 
0.7382951744758981 +- 0.04316029648967077

Summary Temporal
Temporal Topology: 
nan +- nan
Temporal Precision: 
nan +- nan
Temporal Recall: 
nan +- nan
Temporal F-Score: 
0.0 +- 0.0
