Topology: 
[0.75, 0.75, 0.625, 0.625, 0.625, 0.75, 0.5, 0.5, 0.5, 0.5] +- [0.75, 0.75, 0.625, 0.625, 0.625, 0.75, 0.5, 0.5, 0.5, 0.5]
precision Non Oriented: 
[1.0, 1.0, 1.0, 1.0, 1.0, 1.0, 1.0, 1.0, 1.0, 1.0] +- [1.0, 1.0, 1.0, 1.0, 1.0, 1.0, 1.0, 1.0, 1.0, 1.0]
recall Non Oriented: 
[0.6666666666666666, 0.6666666666666666, 0.5, 0.5, 0.5, 0.6666666666666666, 0.3333333333333333, 0.3333333333333333, 0.3333333333333333, 0.3333333333333333] +- [0.6666666666666666, 0.6666666666666666, 0.5, 0.5, 0.5, 0.6666666666666666, 0.3333333333333333, 0.3333333333333333, 0.3333333333333333, 0.3333333333333333]
F1 Non Oriented: 
[0.8, 0.8, 0.6666666666666666, 0.6666666666666666, 0.6666666666666666, 0.8, 0.5, 0.5, 0.5, 0.5] +- [0.8, 0.8, 0.6666666666666666, 0.6666666666666666, 0.6666666666666666, 0.8, 0.5, 0.5, 0.5, 0.5]
Hamming distance: 
[0.75, 0.75, 0.625, 0.625, 0.625, 0.75, 0.5, 0.5, 0.5, 0.5] +- [0.75, 0.75, 0.625, 0.625, 0.625, 0.75, 0.5, 0.5, 0.5, 0.5]
Precision: 
[1.0, 1.0, 1.0, 1.0, 1.0, 1.0, 1.0, 1.0, 1.0, 1.0] +- [1.0, 1.0, 1.0, 1.0, 1.0, 1.0, 1.0, 1.0, 1.0, 1.0]
Recall: 
[0.75, 0.75, 0.625, 0.625, 0.625, 0.75, 0.5, 0.5, 0.5, 0.5] +- [0.75, 0.75, 0.625, 0.625, 0.625, 0.75, 0.5, 0.5, 0.5, 0.5]
F-Score: 
[0.8571428571428571, 0.8571428571428571, 0.7692307692307693, 0.7692307692307693, 0.7692307692307693, 0.8571428571428571, 0.6666666666666666, 0.6666666666666666, 0.6666666666666666, 0.6666666666666666] +- [0.8571428571428571, 0.8571428571428571, 0.7692307692307693, 0.7692307692307693, 0.7692307692307693, 0.8571428571428571, 0.6666666666666666, 0.6666666666666666, 0.6666666666666666, 0.6666666666666666]
Temporal Topology: 
[] +- []
Temporal Precision: 
[] +- []
Temporal Recall: 
[] +- []
Temporal F-Score: 
[0] +- [0]


Summary Unit
Topology: 
0.6125 +- 0.10383279828647594
Precision Non Oriented: 
1 +- 0
Recall Non Oriented: 
0.4833333333333332 +- 0.13844373104863458
F1 Non Oriented: 
0.64 +- 0.1254325848148452
Hamming distance: 
0.6125 +- 0.10383279828647594
Precision: 
1.0 +- 0.0
Recall: 
0.6125 +- 0.10383279828647594
F-Score: 
0.7545787545787547 +- 0.07944581222989573

Summary Temporal
Temporal Topology: 
nan +- nan
Temporal Precision: 
nan +- nan
Temporal Recall: 
nan +- nan
Temporal F-Score: 
0.0 +- 0.0
