Topology: 
[1.0, 1.0, 1.0, 0.8, 0.7142857142857143, 0.8, 0.6, 0.7142857142857143, 1.0, 0.8] +- [1.0, 1.0, 1.0, 0.8, 0.7142857142857143, 0.8, 0.6, 0.7142857142857143, 1.0, 0.8]
precision Non Oriented: 
[1.0, 1.0, 1.0, 1.0, 0.7142857142857143, 1.0, 1.0, 0.75, 1.0, 1.0] +- [1.0, 1.0, 1.0, 1.0, 0.7142857142857143, 1.0, 1.0, 0.75, 1.0, 1.0]
recall Non Oriented: 
[1.0, 1.0, 1.0, 0.7142857142857143, 0.7142857142857143, 0.8571428571428571, 0.5714285714285714, 0.8571428571428571, 1.0, 0.7142857142857143] +- [1.0, 1.0, 1.0, 0.7142857142857143, 0.7142857142857143, 0.8571428571428571, 0.5714285714285714, 0.8571428571428571, 1.0, 0.7142857142857143]
F1 Non Oriented: 
[1.0, 1.0, 1.0, 0.8333333333333333, 0.7142857142857143, 0.923076923076923, 0.7272727272727273, 0.7999999999999999, 1.0, 0.8333333333333333] +- [1.0, 1.0, 1.0, 0.8333333333333333, 0.7142857142857143, 0.923076923076923, 0.7272727272727273, 0.7999999999999999, 1.0, 0.8333333333333333]
Hamming distance: 
[1.0, 1.0, 1.0, 0.7777777777777778, 0.5555555555555556, 0.6666666666666666, 0.5555555555555556, 0.6666666666666666, 1.0, 0.5555555555555556] +- [1.0, 1.0, 1.0, 0.7777777777777778, 0.5555555555555556, 0.6666666666666666, 0.5555555555555556, 0.6666666666666666, 1.0, 0.5555555555555556]
Precision: 
[1.0, 1.0, 1.0, 1.0, 0.8, 0.8, 1.0, 0.8333333333333334, 1.0, 0.75] +- [1.0, 1.0, 1.0, 1.0, 0.8, 0.8, 1.0, 0.8333333333333334, 1.0, 0.75]
Recall: 
[1.0, 1.0, 1.0, 0.6666666666666666, 0.6666666666666666, 0.6666666666666666, 0.5, 0.8333333333333334, 1.0, 0.5] +- [1.0, 1.0, 1.0, 0.6666666666666666, 0.6666666666666666, 0.6666666666666666, 0.5, 0.8333333333333334, 1.0, 0.5]
F-Score: 
[1.0, 1.0, 1.0, 0.8, 0.7272727272727272, 0.7272727272727272, 0.6666666666666666, 0.8333333333333334, 1.0, 0.6] +- [1.0, 1.0, 1.0, 0.8, 0.7272727272727272, 0.7272727272727272, 0.6666666666666666, 0.8333333333333334, 1.0, 0.6]
Temporal Topology: 
[0.5, 0.7142857142857143, 0.7142857142857143, 0.5, 0.5, 0.3333333333333333, 0.2, 0.5, 0.7142857142857143, 0.09090909090909091] +- [0.5, 0.7142857142857143, 0.7142857142857143, 0.5, 0.5, 0.3333333333333333, 0.2, 0.5, 0.7142857142857143, 0.09090909090909091]
Temporal Precision: 
[0.6666666666666666, 0.8333333333333334, 0.7142857142857143, 0.8, 0.6666666666666666, 0.5, 0.6666666666666666, 0.6666666666666666, 0.8333333333333334, 0.2] +- [0.6666666666666666, 0.8333333333333334, 0.7142857142857143, 0.8, 0.6666666666666666, 0.5, 0.6666666666666666, 0.6666666666666666, 0.8333333333333334, 0.2]
Temporal Recall: 
[0.6666666666666666, 0.8333333333333334, 0.8333333333333334, 0.6666666666666666, 0.6666666666666666, 0.5, 0.3333333333333333, 0.6666666666666666, 0.8333333333333334, 0.16666666666666666] +- [0.6666666666666666, 0.8333333333333334, 0.8333333333333334, 0.6666666666666666, 0.6666666666666666, 0.5, 0.3333333333333333, 0.6666666666666666, 0.8333333333333334, 0.16666666666666666]
Temporal F-Score: 
[0.6666666666666666, 0.8333333333333334, 0.7692307692307692, 0.7272727272727272, 0.6666666666666666, 0.5, 0.4444444444444444, 0.6666666666666666, 0.8333333333333334, 0.1818181818181818] +- [0.6666666666666666, 0.8333333333333334, 0.7692307692307692, 0.7272727272727272, 0.6666666666666666, 0.5, 0.4444444444444444, 0.6666666666666666, 0.8333333333333334, 0.1818181818181818]


Summary Unit
Topology: 
0.8428571428571429 +- 0.14011656954559118
Precision Non Oriented: 
0.9464285714285715 +- 0.10744006397493802
Recall Non Oriented: 
0.8428571428571429 +-  0.1491472358415793
F1 Non Oriented: 
0.8831302031302032 +- 0.10995455400549539
Hamming distance: 
0.7777777777777778 +- 0.19245008972987526
Precision: 
0.9183333333333333 +- 0.10177589760514683
Recall: 
0.7833333333333334 +- 0.19790570145063197
F-Score: 
0.8354545454545453 +- 0.14727428606233298

Summary Temporal
Temporal Topology: 
0.47670995670995675 +- 0.20431935555764158
Temporal Precision: 
0.6547619047619048 +- 0.17881253564136473
Temporal Recall: 
0.6166666666666666 +- 0.21147629234082538
Temporal F-Score: 
0.6289432789432788 +- 0.19176966719120686
