Topology: 
[0.9, 0.8, 1.0, 0.8, 0.75, 0.875, 0.75, 0.625, 0.875, 0.7] +- [0.9, 0.8, 1.0, 0.8, 0.75, 0.875, 0.75, 0.625, 0.875, 0.7]
precision Non Oriented: 
[0.8571428571428571, 0.8333333333333334, 1.0, 0.8461538461538461, 1.0, 1.0, 1.0, 1.0, 1.0, 0.8] +- [0.8571428571428571, 0.8333333333333334, 1.0, 0.8461538461538461, 1.0, 1.0, 1.0, 1.0, 1.0, 0.8]
recall Non Oriented: 
[1.0, 0.8333333333333334, 1.0, 0.9166666666666666, 0.6666666666666666, 0.8333333333333334, 0.6666666666666666, 0.5, 0.8333333333333334, 0.6666666666666666] +- [1.0, 0.8333333333333334, 1.0, 0.9166666666666666, 0.6666666666666666, 0.8333333333333334, 0.6666666666666666, 0.5, 0.8333333333333334, 0.6666666666666666]
F1 Non Oriented: 
[0.923076923076923, 0.8333333333333334, 1.0, 0.8799999999999999, 0.8, 0.9090909090909091, 0.8, 0.6666666666666666, 0.9090909090909091, 0.7272727272727272] +- [0.923076923076923, 0.8333333333333334, 1.0, 0.8799999999999999, 0.8, 0.9090909090909091, 0.8, 0.6666666666666666, 0.9090909090909091, 0.7272727272727272]
Hamming distance: 
[0.8125, 0.75, 0.8125, 0.8125, 0.75, 0.75, 0.75, 0.5625, 0.875, 0.5625] +- [0.8125, 0.75, 0.8125, 0.8125, 0.75, 0.75, 0.75, 0.5625, 0.875, 0.5625]
Precision: 
[0.8, 0.875, 0.7777777777777778, 0.7777777777777778, 1.0, 0.7777777777777778, 1.0, 0.8333333333333334, 1.0, 0.75] +- [0.8, 0.875, 0.7777777777777778, 0.7777777777777778, 1.0, 0.7777777777777778, 1.0, 0.8333333333333334, 1.0, 0.75]
Recall: 
[1.0, 0.875, 0.875, 0.875, 0.75, 0.875, 0.75, 0.625, 0.875, 0.75] +- [1.0, 0.875, 0.875, 0.875, 0.75, 0.875, 0.75, 0.625, 0.875, 0.75]
F-Score: 
[0.888888888888889, 0.875, 0.823529411764706, 0.823529411764706, 0.8571428571428571, 0.823529411764706, 0.8571428571428571, 0.7142857142857143, 0.9333333333333333, 0.75] +- [0.888888888888889, 0.875, 0.823529411764706, 0.823529411764706, 0.8571428571428571, 0.823529411764706, 0.8571428571428571, 0.7142857142857143, 0.9333333333333333, 0.75]
Temporal Topology: 
[0.7777777777777778, 0.7777777777777778, 0.7777777777777778, 0.3333333333333333, 0.45454545454545453, 0.7777777777777778, 0.45454545454545453, 0.23076923076923078, 0.6, 0.6] +- [0.7777777777777778, 0.7777777777777778, 0.7777777777777778, 0.3333333333333333, 0.45454545454545453, 0.7777777777777778, 0.45454545454545453, 0.23076923076923078, 0.6, 0.6]
Temporal Precision: 
[0.5, 0.7, 0.7, 0.36363636363636365, 0.4166666666666667, 0.6363636363636364, 0.5555555555555556, 0.3333333333333333, 0.8571428571428571, 0.46153846153846156] +- [0.5, 0.7, 0.7, 0.36363636363636365, 0.4166666666666667, 0.6363636363636364, 0.5555555555555556, 0.3333333333333333, 0.8571428571428571, 0.46153846153846156]
Temporal Recall: 
[0.875, 0.875, 0.875, 0.5, 0.625, 0.875, 0.625, 0.375, 0.75, 0.75] +- [0.875, 0.875, 0.875, 0.5, 0.625, 0.875, 0.625, 0.375, 0.75, 0.75]
Temporal F-Score: 
[0.6363636363636364, 0.7777777777777777, 0.7777777777777777, 0.4210526315789474, 0.5, 0.7368421052631579, 0.5882352941176471, 0.35294117647058826, 0.7999999999999999, 0.5714285714285714] +- [0.6363636363636364, 0.7777777777777777, 0.7777777777777777, 0.4210526315789474, 0.5, 0.7368421052631579, 0.5882352941176471, 0.35294117647058826, 0.7999999999999999, 0.5714285714285714]


Summary Unit
Topology: 
0.8074999999999999 +- 0.10310795313650642
Precision Non Oriented:
0.9336630036630037 +- 0.08237026724868123
Recall Non Oriented:
0.7916666666666666 +- 0.15478479684172258
F1 Non Oriented: 
0.8448531468531468 +- 0.09455669153877015
Hamming distance: 
0.74375 +- 0.09862333648787187
Precision: 
0.8591666666666666 +- 0.09783181903049137
Recall: 
0.825 +- 0.1
F-Score: 
0.8346381886087769 +- 0.06111008257161369

Summary Temporal
Temporal Topology: 
0.5784304584304584 +- 0.19274953268318226
Temporal Precision: 
0.5524236874236874 +- 0.16017072296083434
Temporal Recall: 
0.7125 +- 0.1681703005884214
Temporal F-Score: 
0.6162418970778103 +- 0.14987825657594744
