Topology: 
[0.8333333333333334, 0.8333333333333334, 0.8333333333333334, 0.8333333333333334, 0.6666666666666666, 1.0, 0.6666666666666666, 1.0, 0.8333333333333334, 0.8333333333333334] +- [0.8333333333333334, 0.8333333333333334, 0.8333333333333334, 0.8333333333333334, 0.6666666666666666, 1.0, 0.6666666666666666, 1.0, 0.8333333333333334, 0.8333333333333334]
precision Non Oriented: 
[1.0, 1.0, 1.0, 1.0, 1.0, 1.0, 1.0, 1.0, 1.0, 1.0] +- [1.0, 1.0, 1.0, 1.0, 1.0, 1.0, 1.0, 1.0, 1.0, 1.0]
recall Non Oriented: 
[0.7777777777777778, 0.7777777777777778, 0.7777777777777778, 0.7777777777777778, 0.5555555555555556, 1.0, 0.5555555555555556, 1.0, 0.7777777777777778, 0.7777777777777778] +- [0.7777777777777778, 0.7777777777777778, 0.7777777777777778, 0.7777777777777778, 0.5555555555555556, 1.0, 0.5555555555555556, 1.0, 0.7777777777777778, 0.7777777777777778]
F1 Non Oriented: 
[0.8750000000000001, 0.8750000000000001, 0.8750000000000001, 0.8750000000000001, 0.7142857142857143, 1.0, 0.7142857142857143, 1.0, 0.8750000000000001, 0.8750000000000001] +- [0.8750000000000001, 0.8750000000000001, 0.8750000000000001, 0.8750000000000001, 0.7142857142857143, 1.0, 0.7142857142857143, 1.0, 0.8750000000000001, 0.8750000000000001]
Hamming distance: 
[0.7777777777777778, 0.6666666666666666, 0.7777777777777778, 0.6666666666666666, 0.5555555555555556, 1.0, 0.5555555555555556, 0.8888888888888888, 0.6666666666666666, 0.5555555555555556] +- [0.7777777777777778, 0.6666666666666666, 0.7777777777777778, 0.6666666666666666, 0.5555555555555556, 1.0, 0.5555555555555556, 0.8888888888888888, 0.6666666666666666, 0.5555555555555556]
Precision: 
[1.0, 1.0, 1.0, 1.0, 1.0, 1.0, 1.0, 1.0, 0.8333333333333334, 0.8] +- [1.0, 1.0, 1.0, 1.0, 1.0, 1.0, 1.0, 1.0, 0.8333333333333334, 0.8]
Recall: 
[0.7142857142857143, 0.7142857142857143, 0.7142857142857143, 0.7142857142857143, 0.5714285714285714, 1.0, 0.5714285714285714, 0.8571428571428571, 0.7142857142857143, 0.5714285714285714] +- [0.7142857142857143, 0.7142857142857143, 0.7142857142857143, 0.7142857142857143, 0.5714285714285714, 1.0, 0.5714285714285714, 0.8571428571428571, 0.7142857142857143, 0.5714285714285714]
F-Score: 
[0.8333333333333333, 0.8333333333333333, 0.8333333333333333, 0.8333333333333333, 0.7272727272727273, 1.0, 0.7272727272727273, 0.923076923076923, 0.7692307692307692, 0.6666666666666666] +- [0.8333333333333333, 0.8333333333333333, 0.8333333333333333, 0.8333333333333333, 0.7272727272727273, 1.0, 0.7272727272727273, 0.923076923076923, 0.7692307692307692, 0.6666666666666666]
Temporal Topology: 
[0.5555555555555556, 0.4, 0.5555555555555556, 0.4, 0.2727272727272727, 0.75, 0.4, 0.5555555555555556, 0.5555555555555556, 0.4] +- [0.5555555555555556, 0.4, 0.5555555555555556, 0.4, 0.2727272727272727, 0.75, 0.4, 0.5555555555555556, 0.5555555555555556, 0.4]
Temporal Precision: 
[0.8333333333333334, 0.8, 0.8333333333333334, 0.6666666666666666, 0.6, 0.6, 1.0, 0.8333333333333334, 0.8333333333333334, 0.8] +- [0.8333333333333334, 0.8, 0.8333333333333334, 0.6666666666666666, 0.6, 0.6, 1.0, 0.8333333333333334, 0.8333333333333334, 0.8]
Temporal Recall: 
[0.7142857142857143, 0.5714285714285714, 0.7142857142857143, 0.5714285714285714, 0.42857142857142855, 0.8571428571428571, 0.5714285714285714, 0.7142857142857143, 0.7142857142857143, 0.5714285714285714] +- [0.7142857142857143, 0.5714285714285714, 0.7142857142857143, 0.5714285714285714, 0.42857142857142855, 0.8571428571428571, 0.5714285714285714, 0.7142857142857143, 0.7142857142857143, 0.5714285714285714]
Temporal F-Score: 
[0.7692307692307692, 0.6666666666666666, 0.7692307692307692, 0.6153846153846153, 0.5, 0.7058823529411764, 0.7272727272727273, 0.7692307692307692, 0.7692307692307692, 0.6666666666666666] +- [0.7692307692307692, 0.6666666666666666, 0.7692307692307692, 0.6153846153846153, 0.5, 0.7058823529411764, 0.7272727272727273, 0.7692307692307692, 0.7692307692307692, 0.6666666666666666]


Summary Unit
Topology: 
0.8333333333333333 +- 0.10540925533894599
Precision Non Oriented:
1 +- 0 
Recall Non Oriented: 
0.7777777777777778 +- 0.1405456737852613
F1 Non Oriented: 
0.8678571428571429 +- 0.09077332162242023
Hamming distance: 
0.7111111111111111 +- 0.14229164972072997
Precision: 
0.9633333333333335 +- 0.07371114795831991
Recall: 
0.7142857142857143 +- 0.12777531299998798
F-Score: 
0.8146853146853147 +- 0.09313368053559477

Summary Temporal
Temporal Topology: 
0.48449494949494953 +- 0.12809937769664906
Temporal Precision: 
0.7799999999999999 +- 0.11756794725698934
Temporal Recall: 
0.6428571428571428 +- 0.1151751106899793
Temporal F-Score: 
0.695879610585493 +- 0.08316382074478845
