Topology: 
[1.0, 0.8333333333333334, 0.8333333333333334, 0.6666666666666666, 0.6666666666666666, 0.8333333333333334, 0.8333333333333334, 0.6666666666666666, 0.8333333333333334, 0.8333333333333334] +- [1.0, 0.8333333333333334, 0.8333333333333334, 0.6666666666666666, 0.6666666666666666, 0.8333333333333334, 0.8333333333333334, 0.6666666666666666, 0.8333333333333334, 0.8333333333333334]
precision Non Oriented: 
[1.0, 1.0, 1.0, 1.0, 1.0, 1.0, 1.0, 1.0, 1.0, 1.0] +- [1.0, 1.0, 1.0, 1.0, 1.0, 1.0, 1.0, 1.0, 1.0, 1.0]
recall Non Oriented: 
[1.0, 0.7777777777777778, 0.7777777777777778, 0.5555555555555556, 0.5555555555555556, 0.7777777777777778, 0.7777777777777778, 0.5555555555555556, 0.7777777777777778, 0.7777777777777778] +- [1.0, 0.7777777777777778, 0.7777777777777778, 0.5555555555555556, 0.5555555555555556, 0.7777777777777778, 0.7777777777777778, 0.5555555555555556, 0.7777777777777778, 0.7777777777777778]
F1 Non Oriented: 
[1.0, 0.8750000000000001, 0.8750000000000001, 0.7142857142857143, 0.7142857142857143, 0.8750000000000001, 0.8750000000000001, 0.7142857142857143, 0.8750000000000001, 0.8750000000000001] +- [1.0, 0.8750000000000001, 0.8750000000000001, 0.7142857142857143, 0.7142857142857143, 0.8750000000000001, 0.8750000000000001, 0.7142857142857143, 0.8750000000000001, 0.8750000000000001]
Hamming distance: 
[0.8888888888888888, 0.5555555555555556, 0.6666666666666666, 0.5555555555555556, 0.3333333333333333, 0.6666666666666666, 0.6666666666666666, 0.5555555555555556, 0.7777777777777778, 0.7777777777777778] +- [0.8888888888888888, 0.5555555555555556, 0.6666666666666666, 0.5555555555555556, 0.3333333333333333, 0.6666666666666666, 0.6666666666666666, 0.5555555555555556, 0.7777777777777778, 0.7777777777777778]
Precision: 
[1.0, 0.8333333333333334, 0.8333333333333334, 1.0, 0.75, 0.8571428571428571, 1.0, 1.0, 1.0, 1.0] +- [1.0, 0.8333333333333334, 0.8333333333333334, 1.0, 0.75, 0.8571428571428571, 1.0, 1.0, 1.0, 1.0]
Recall: 
[0.8571428571428571, 0.7142857142857143, 0.7142857142857143, 0.5714285714285714, 0.42857142857142855, 0.8571428571428571, 0.7142857142857143, 0.5714285714285714, 0.7142857142857143, 0.7142857142857143] +- [0.8571428571428571, 0.7142857142857143, 0.7142857142857143, 0.5714285714285714, 0.42857142857142855, 0.8571428571428571, 0.7142857142857143, 0.5714285714285714, 0.7142857142857143, 0.7142857142857143]
F-Score: 
[0.923076923076923, 0.7692307692307692, 0.7692307692307692, 0.7272727272727273, 0.5454545454545454, 0.8571428571428571, 0.8333333333333333, 0.7272727272727273, 0.8333333333333333, 0.8333333333333333] +- [0.923076923076923, 0.7692307692307692, 0.7692307692307692, 0.7272727272727273, 0.5454545454545454, 0.8571428571428571, 0.8333333333333333, 0.7272727272727273, 0.8333333333333333, 0.8333333333333333]
Temporal Topology: 
[0.75, 0.2727272727272727, 0.5555555555555556, 0.4, 0.16666666666666666, 0.2727272727272727, 0.4, 0.4, 0.5555555555555556, 0.5555555555555556] +- [0.75, 0.2727272727272727, 0.5555555555555556, 0.4, 0.16666666666666666, 0.2727272727272727, 0.4, 0.4, 0.5555555555555556, 0.5555555555555556]
Temporal Precision: 
[0.75, 0.5, 0.7142857142857143, 1.0, 0.2857142857142857, 0.2727272727272727, 0.8, 0.8, 0.8333333333333334, 0.625] +- [0.75, 0.5, 0.7142857142857143, 1.0, 0.2857142857142857, 0.2727272727272727, 0.8, 0.8, 0.8333333333333334, 0.625]
Temporal Recall: 
[0.8571428571428571, 0.42857142857142855, 0.7142857142857143, 0.5714285714285714, 0.2857142857142857, 0.42857142857142855, 0.5714285714285714, 0.5714285714285714, 0.7142857142857143, 0.7142857142857143] +- [0.8571428571428571, 0.42857142857142855, 0.7142857142857143, 0.5714285714285714, 0.2857142857142857, 0.42857142857142855, 0.5714285714285714, 0.5714285714285714, 0.7142857142857143, 0.7142857142857143]
Temporal F-Score: 
[0.7999999999999999, 0.4615384615384615, 0.7142857142857143, 0.7272727272727273, 0.2857142857142857, 0.33333333333333326, 0.6666666666666666, 0.6666666666666666, 0.7692307692307692, 0.6666666666666666] +- [0.7999999999999999, 0.4615384615384615, 0.7142857142857143, 0.7272727272727273, 0.2857142857142857, 0.33333333333333326, 0.6666666666666666, 0.6666666666666666, 0.7692307692307692, 0.6666666666666666]


Summary Unit
Topology: 
0.8 +- 0.10000000000000002
Precision Non Oriented:
1 +- 0 
recall Non Oriented: 
0.7333333333333334 +- 0.13333333333333333
F1 Non Oriented: 
0.8392857142857144 +- 0.08964214570007954
Hamming distance: 
0.6444444444444445 +- 0.14740554623801777
Precision: 
0.9273809523809524 +- 0.09258966359690837
Recall: 
0.6857142857142857 +- 0.12453996981544782
F-Score: 
0.7818681318681318 +- 0.09783880313099565

Summary Temporal
Temporal Topology: 
0.4328787878787878 +- 0.16465830811961168
Temporal Precision: 
0.6581060606060606 +- 0.22643994222824274
Temporal Recall: 
0.5857142857142856 +- 0.1622545241657221
Temporal F-Score: 
0.6091375291375292 +- 0.17304774853951208
