Topology: 
[0.8, 0.8, 1.0, 1.0, 0.8, 1.0, 1.0, 0.8, 1.0, 0.6] +- [0.8, 0.8, 1.0, 1.0, 0.8, 1.0, 1.0, 0.8, 1.0, 0.6]
precision Non Oriented: 
[1.0, 1.0, 1.0, 1.0, 1.0, 1.0, 1.0, 1.0, 1.0, 1.0] +- [1.0, 1.0, 1.0, 1.0, 1.0, 1.0, 1.0, 1.0, 1.0, 1.0]
recall Non Oriented: 
[0.7142857142857143, 0.7142857142857143, 1.0, 1.0, 0.7142857142857143, 1.0, 1.0, 0.7142857142857143, 1.0, 0.42857142857142855] +- [0.7142857142857143, 0.7142857142857143, 1.0, 1.0, 0.7142857142857143, 1.0, 1.0, 0.7142857142857143, 1.0, 0.42857142857142855]
F1 Non Oriented: 
[0.8333333333333333, 0.8333333333333333, 1.0, 1.0, 0.8333333333333333, 1.0, 1.0, 0.8333333333333333, 1.0, 0.6] +- [0.8333333333333333, 0.8333333333333333, 1.0, 1.0, 0.8333333333333333, 1.0, 1.0, 0.8333333333333333, 1.0, 0.6]
Hamming distance: 
[0.7777777777777778, 0.7777777777777778, 1.0, 1.0, 0.7777777777777778, 1.0, 0.8888888888888888, 0.6666666666666666, 1.0, 0.5555555555555556] +- [0.7777777777777778, 0.7777777777777778, 1.0, 1.0, 0.7777777777777778, 1.0, 0.8888888888888888, 0.6666666666666666, 1.0, 0.5555555555555556]
Precision: 
[1.0, 1.0, 1.0, 1.0, 1.0, 1.0, 0.8333333333333334, 0.8, 1.0, 1.0] +- [1.0, 1.0, 1.0, 1.0, 1.0, 1.0, 0.8333333333333334, 0.8, 1.0, 1.0]
Recall: 
[0.8, 0.8, 1.0, 1.0, 0.8, 1.0, 1.0, 0.8, 1.0, 0.6] +- [0.8, 0.8, 1.0, 1.0, 0.8, 1.0, 1.0, 0.8, 1.0, 0.6]
F-Score: 
[0.888888888888889, 0.888888888888889, 1.0, 1.0, 0.888888888888889, 1.0, 0.9090909090909091, 0.8000000000000002, 1.0, 0.7499999999999999] +- [0.888888888888889, 0.888888888888889, 1.0, 1.0, 0.888888888888889, 1.0, 0.9090909090909091, 0.8000000000000002, 1.0, 0.7499999999999999]
Temporal Topology: 
[0.6666666666666666, 0.6666666666666666, 1.0, 1.0, 0.6666666666666666, 1.0, 1.0, 0.6666666666666666, 1.0, 0.42857142857142855] +- [0.6666666666666666, 0.6666666666666666, 1.0, 1.0, 0.6666666666666666, 1.0, 1.0, 0.6666666666666666, 1.0, 0.42857142857142855]
Temporal Precision: 
[0.8, 1.0, 0.8333333333333334, 1.0, 1.0, 1.0, 0.8333333333333334, 0.6666666666666666, 1.0, 0.75] +- [0.8, 1.0, 0.8333333333333334, 1.0, 1.0, 1.0, 0.8333333333333334, 0.6666666666666666, 1.0, 0.75]
Temporal Recall: 
[0.8, 0.8, 1.0, 1.0, 0.8, 1.0, 1.0, 0.8, 1.0, 0.6] +- [0.8, 0.8, 1.0, 1.0, 0.8, 1.0, 1.0, 0.8, 1.0, 0.6]
Temporal F-Score: 
[0.8000000000000002, 0.888888888888889, 0.9090909090909091, 1.0, 0.888888888888889, 1.0, 0.9090909090909091, 0.7272727272727272, 1.0, 0.6666666666666665] +- [0.8000000000000002, 0.888888888888889, 0.9090909090909091, 1.0, 0.888888888888889, 1.0, 0.9090909090909091, 0.7272727272727272, 1.0, 0.6666666666666665]


Summary Unit
Topology: 
0.8799999999999999 +- 0.132664991614216
Precision Non Oriented: 
1.0 +- 0
Recall Non Oriented: 
0.8285714285714286 +- 0.18952141659173713
F1 Non Oriented: 
0.8933333333333332 +- 0.1254325848148452
Hamming distance: 
0.8444444444444444 +- 0.1507184440694504
Precision: 
0.9633333333333333 +- 0.07371114795831991
Recall: 
0.8799999999999999 +- 0.132664991614216
F-Score: 
0.9125757575757575 +- 0.08448166559226167

Summary Temporal
Temporal Topology: 
0.8095238095238095 +- 0.20203050891044216
Temporal Precision: 
0.8883333333333333 +- 0.1201965982140186
Temporal Recall: 
0.8799999999999999 +- 0.132664991614216
Temporal F-Score: 
0.8789898989898989 +- 0.10967092348482571
