Topology: 
[0.8, 0.8571428571428571, 1.0, 0.7142857142857143, 0.8, 1.0, 1.0, 0.8571428571428571, 1.0, 0.6] +- [0.8, 0.8571428571428571, 1.0, 0.7142857142857143, 0.8, 1.0, 1.0, 0.8571428571428571, 1.0, 0.6]
precision Non Oriented: 
[1.0, 0.7777777777777778, 1.0, 0.7142857142857143, 1.0, 1.0, 1.0, 0.7777777777777778, 1.0, 1.0] +- [1.0, 0.7777777777777778, 1.0, 0.7142857142857143, 1.0, 1.0, 1.0, 0.7777777777777778, 1.0, 1.0]
recall Non Oriented: 
[0.7142857142857143, 1.0, 1.0, 0.7142857142857143, 0.8571428571428571, 1.0, 1.0, 1.0, 1.0, 0.42857142857142855] +- [0.7142857142857143, 1.0, 1.0, 0.7142857142857143, 0.8571428571428571, 1.0, 1.0, 1.0, 1.0, 0.42857142857142855]
F1 Non Oriented: 
[0.8333333333333333, 0.8750000000000001, 1.0, 0.7142857142857143, 0.923076923076923, 1.0, 1.0, 0.8750000000000001, 1.0, 0.6] +- [0.8333333333333333, 0.8750000000000001, 1.0, 0.7142857142857143, 0.923076923076923, 1.0, 1.0, 0.8750000000000001, 1.0, 0.6]
Hamming distance: 
[0.7777777777777778, 0.5555555555555556, 0.8888888888888888, 0.5555555555555556, 0.8888888888888888, 0.8888888888888888, 1.0, 0.7777777777777778, 0.7777777777777778, 0.5555555555555556] +- [0.7777777777777778, 0.5555555555555556, 0.8888888888888888, 0.5555555555555556, 0.8888888888888888, 0.8888888888888888, 1.0, 0.7777777777777778, 0.7777777777777778, 0.5555555555555556]
Precision: 
[1.0, 0.6666666666666666, 0.8333333333333334, 0.8, 1.0, 0.8333333333333334, 1.0, 0.8333333333333334, 0.8, 1.0] +- [1.0, 0.6666666666666666, 0.8333333333333334, 0.8, 1.0, 0.8333333333333334, 1.0, 0.8333333333333334, 0.8, 1.0]
Recall: 
[0.8, 0.8, 1.0, 0.8, 0.8, 1.0, 1.0, 1.0, 0.8, 0.6] +- [0.8, 0.8, 1.0, 0.8, 0.8, 1.0, 1.0, 1.0, 0.8, 0.6]
F-Score: 
[0.888888888888889, 0.7272727272727272, 0.9090909090909091, 0.8000000000000002, 0.888888888888889, 0.9090909090909091, 1.0, 0.9090909090909091, 0.8000000000000002, 0.7499999999999999] +- [0.888888888888889, 0.7272727272727272, 0.9090909090909091, 0.8000000000000002, 0.888888888888889, 0.9090909090909091, 1.0, 0.9090909090909091, 0.8000000000000002, 0.7499999999999999]
Temporal Topology: 
[0.6666666666666666, 0.6666666666666666, 1.0, 0.6666666666666666, 0.6666666666666666, 1.0, 1.0, 1.0, 0.6666666666666666, 0.42857142857142855] +- [0.6666666666666666, 0.6666666666666666, 1.0, 0.6666666666666666, 0.6666666666666666, 1.0, 1.0, 1.0, 0.6666666666666666, 0.42857142857142855]
Temporal Precision: 
[0.8, 0.6666666666666666, 0.8333333333333334, 0.5714285714285714, 1.0, 0.8333333333333334, 1.0, 0.8333333333333334, 0.8, 1.0] +- [0.8, 0.6666666666666666, 0.8333333333333334, 0.5714285714285714, 1.0, 0.8333333333333334, 1.0, 0.8333333333333334, 0.8, 1.0]
Temporal Recall: 
[0.8, 0.8, 1.0, 0.8, 0.8, 1.0, 1.0, 1.0, 0.8, 0.6] +- [0.8, 0.8, 1.0, 0.8, 0.8, 1.0, 1.0, 1.0, 0.8, 0.6]
Temporal F-Score: 
[0.8000000000000002, 0.7272727272727272, 0.9090909090909091, 0.6666666666666666, 0.888888888888889, 0.9090909090909091, 1.0, 0.9090909090909091, 0.8000000000000002, 0.7499999999999999] +- [0.8000000000000002, 0.7272727272727272, 0.9090909090909091, 0.6666666666666666, 0.888888888888889, 0.9090909090909091, 1.0, 0.9090909090909091, 0.8000000000000002, 0.7499999999999999]


Summary Unit
Topology: 
0.8628571428571428 +- 0.1320482286661868
Precision Non Oriented
0.9269841269841269 +- 0.11273194225120446
Recall Non Oriented 
0.8714285714285716 +- 0.18571428571428572
F1 Non Oriented: 
0.8820695970695971 +- 0.12942248307347687
Hamming distance: 
0.7666666666666666 +- 0.15275252316519464
Precision: 
0.8766666666666666 +- 0.11060440015358038
Recall: 
0.86 +- 0.12806248474865697
F-Score: 
0.8582323232323231 +- 0.08086047859285452

Summary Temporal
Temporal Topology: 
0.7761904761904762 +- 0.19523809523809524
Temporal Precision: 
0.8338095238095239 +- 0.13487963896305002
Temporal Recall: 
0.86 +- 0.12806248474865697
Temporal F-Score: 
0.836010101010101 +- 0.09808336970928984
