Topology: 
[1.0, 0.8, 0.8, 0.8571428571428571, 0.6, 1.0, 1.0, 0.8, 1.0, 0.5714285714285714] +- [1.0, 0.8, 0.8, 0.8571428571428571, 0.6, 1.0, 1.0, 0.8, 1.0, 0.5714285714285714]
precision Non Oriented: 
[1.0, 1.0, 1.0, 0.7777777777777778, 1.0, 1.0, 1.0, 1.0, 1.0, 0.6] +- [1.0, 1.0, 1.0, 0.7777777777777778, 1.0, 1.0, 1.0, 1.0, 1.0, 0.6]
recall Non Oriented: 
[1.0, 0.7142857142857143, 0.7142857142857143, 1.0, 0.42857142857142855, 1.0, 1.0, 0.7142857142857143, 1.0, 0.42857142857142855] +- [1.0, 0.7142857142857143, 0.7142857142857143, 1.0, 0.42857142857142855, 1.0, 1.0, 0.7142857142857143, 1.0, 0.42857142857142855]
F1 Non Oriented: 
[1.0, 0.8333333333333333, 0.8333333333333333, 0.8750000000000001, 0.6, 1.0, 1.0, 0.8333333333333333, 1.0, 0.5] +- [1.0, 0.8333333333333333, 0.8333333333333333, 0.8750000000000001, 0.6, 1.0, 1.0, 0.8333333333333333, 1.0, 0.5]
Hamming distance: 
[1.0, 0.7777777777777778, 0.7777777777777778, 0.7777777777777778, 0.5555555555555556, 1.0, 1.0, 0.7777777777777778, 0.8888888888888888, 0.3333333333333333] +- [1.0, 0.7777777777777778, 0.7777777777777778, 0.7777777777777778, 0.5555555555555556, 1.0, 1.0, 0.7777777777777778, 0.8888888888888888, 0.3333333333333333]
Precision: 
[1.0, 1.0, 1.0, 0.8333333333333334, 1.0, 1.0, 1.0, 1.0, 0.8333333333333334, 0.75] +- [1.0, 1.0, 1.0, 0.8333333333333334, 1.0, 1.0, 1.0, 1.0, 0.8333333333333334, 0.75]
Recall: 
[1.0, 0.8, 0.8, 1.0, 0.6, 1.0, 1.0, 0.8, 1.0, 0.6] +- [1.0, 0.8, 0.8, 1.0, 0.6, 1.0, 1.0, 0.8, 1.0, 0.6]
F-Score: 
[1.0, 0.888888888888889, 0.888888888888889, 0.9090909090909091, 0.7499999999999999, 1.0, 1.0, 0.888888888888889, 0.9090909090909091, 0.6666666666666665] +- [1.0, 0.888888888888889, 0.888888888888889, 0.9090909090909091, 0.7499999999999999, 1.0, 1.0, 0.888888888888889, 0.9090909090909091, 0.6666666666666665]
Temporal Topology: 
[1.0, 0.6666666666666666, 0.6666666666666666, 0.6666666666666666, 0.42857142857142855, 1.0, 1.0, 0.6666666666666666, 1.0, 0.42857142857142855] +- [1.0, 0.6666666666666666, 0.6666666666666666, 0.6666666666666666, 0.42857142857142855, 1.0, 1.0, 0.6666666666666666, 1.0, 0.42857142857142855]
Temporal Precision: 
[0.8333333333333334, 0.6666666666666666, 0.6666666666666666, 0.5714285714285714, 1.0, 0.7142857142857143, 0.8333333333333334, 1.0, 0.7142857142857143, 0.6] +- [0.8333333333333334, 0.6666666666666666, 0.6666666666666666, 0.5714285714285714, 1.0, 0.7142857142857143, 0.8333333333333334, 1.0, 0.7142857142857143, 0.6]
Temporal Recall: 
[1.0, 0.8, 0.8, 0.8, 0.6, 1.0, 1.0, 0.8, 1.0, 0.6] +- [1.0, 0.8, 0.8, 0.8, 0.6, 1.0, 1.0, 0.8, 1.0, 0.6]
Temporal F-Score: 
[0.9090909090909091, 0.7272727272727272, 0.7272727272727272, 0.6666666666666666, 0.7499999999999999, 0.8333333333333333, 0.9090909090909091, 0.888888888888889, 0.8333333333333333, 0.6] +- [0.9090909090909091, 0.7272727272727272, 0.7272727272727272, 0.6666666666666666, 0.7499999999999999, 0.8333333333333333, 0.9090909090909091, 0.888888888888889, 0.8333333333333333, 0.6]


Summary Unit
Topology: 
0.8428571428571429 +- 0.15399443403670704
Precision Non Oriented: 
0.9377777777777778 +- 0.13063945294843618
F1 Non Oriented: 
0.8 +- 0.22314999074019012
F1 Non Oriented: 
0.8475000000000001 +- 0.16625156640866076
Hamming distance: 
0.7888888888888889 +- 0.20153730163574504
Precision: 
0.9416666666666668 +- 0.09166666666666666
Recall: 
0.86 +- 0.15620499351813308
F-Score: 
0.890151515151515 +- 0.10320376811575481

Summary Temporal
Temporal Topology: 
0.7523809523809524 +- 0.2200803811103113
Temporal Precision: 
0.76 +- 0.1444702575923439
Temporal Recall: 
0.8400000000000001 +- 0.14966629547095767
Temporal F-Score: 
0.7844949494949494 +- 0.1011816850746793
