Topology: 
[0.8, 0.875, 0.875, 0.7, 1.0, 0.875, 0.75, 0.75, 0.75, 0.7] +- [0.8, 0.875, 0.875, 0.7, 1.0, 0.875, 0.75, 0.75, 0.75, 0.7]
precision Non Oriented: 
[0.8333333333333334, 1.0, 1.0, 0.8181818181818182, 1.0, 1.0, 1.0, 1.0, 1.0, 0.8] +- [0.8333333333333334, 1.0, 1.0, 0.8181818181818182, 1.0, 1.0, 1.0, 1.0, 1.0, 0.8]
recall Non Oriented: 
[0.8333333333333334, 0.8333333333333334, 0.8333333333333334, 0.75, 1.0, 0.8333333333333334, 0.6666666666666666, 0.75, 0.6666666666666666, 0.6666666666666666] +- [0.8333333333333334, 0.8333333333333334, 0.8333333333333334, 0.75, 1.0, 0.8333333333333334, 0.6666666666666666, 0.75, 0.6666666666666666, 0.6666666666666666]
F1 Non Oriented: 
[0.8333333333333334, 0.9090909090909091, 0.9090909090909091, 0.7826086956521738, 1.0, 0.9090909090909091, 0.8, 0.8571428571428571, 0.8, 0.7272727272727272] +- [0.8333333333333334, 0.9090909090909091, 0.9090909090909091, 0.7826086956521738, 1.0, 0.9090909090909091, 0.8, 0.8571428571428571, 0.8, 0.7272727272727272]
Hamming distance: 
[0.75, 0.875, 0.75, 0.5625, 0.875, 0.875, 0.75, 0.75, 0.625, 0.625] +- [0.75, 0.875, 0.75, 0.5625, 0.875, 0.875, 0.75, 0.75, 0.625, 0.625]
Precision: 
[0.875, 1.0, 0.8571428571428571, 0.7142857142857143, 0.875, 1.0, 1.0, 0.8571428571428571, 0.75, 0.8571428571428571] +- [0.875, 1.0, 0.8571428571428571, 0.7142857142857143, 0.875, 1.0, 1.0, 0.8571428571428571, 0.75, 0.8571428571428571]
Recall: 
[0.875, 0.875, 0.75, 0.625, 0.875, 0.875, 0.75, 0.75, 0.75, 0.75] +- [0.875, 0.875, 0.75, 0.625, 0.875, 0.875, 0.75, 0.75, 0.75, 0.75]
F-Score: 
[0.875, 0.9333333333333333, 0.7999999999999999, 0.6666666666666666, 0.875, 0.9333333333333333, 0.8571428571428571, 0.7999999999999999, 0.75, 0.7999999999999999] +- [0.875, 0.9333333333333333, 0.7999999999999999, 0.6666666666666666, 0.875, 0.9333333333333333, 0.8571428571428571, 0.7999999999999999, 0.75, 0.7999999999999999]
Temporal Topology: 
[0.7777777777777778, 0.7777777777777778, 0.6, 0.45454545454545453, 0.7777777777777778, 0.7777777777777778, 0.45454545454545453, 0.6, 0.6, 0.6] +- [0.7777777777777778, 0.7777777777777778, 0.6, 0.45454545454545453, 0.7777777777777778, 0.7777777777777778, 0.45454545454545453, 0.6, 0.6, 0.6]
Temporal Precision: 
[0.7777777777777778, 0.7777777777777778, 0.8571428571428571, 0.7142857142857143, 0.7, 0.875, 0.8333333333333334, 0.75, 0.6666666666666666, 0.8571428571428571] +- [0.7777777777777778, 0.7777777777777778, 0.8571428571428571, 0.7142857142857143, 0.7, 0.875, 0.8333333333333334, 0.75, 0.6666666666666666, 0.8571428571428571]
Temporal Recall: 
[0.875, 0.875, 0.75, 0.625, 0.875, 0.875, 0.625, 0.75, 0.75, 0.75] +- [0.875, 0.875, 0.75, 0.625, 0.875, 0.875, 0.625, 0.75, 0.75, 0.75]
Temporal F-Score: 
[0.823529411764706, 0.823529411764706, 0.7999999999999999, 0.6666666666666666, 0.7777777777777777, 0.875, 0.7142857142857143, 0.75, 0.7058823529411765, 0.7999999999999999] +- [0.823529411764706, 0.823529411764706, 0.7999999999999999, 0.6666666666666666, 0.7777777777777777, 0.875, 0.7142857142857143, 0.75, 0.7058823529411765, 0.7999999999999999]


Summary Unit
Topology: 
0.8074999999999999 +- 0.09154916711800279
Precision Non Oriented: 
0.9451515151515153 +- 0.08411424737563931
Recall Non Oriented: 
0.7833333333333334 +- 0.1
F1 Non Oriented: 
0.8527630340673819 +- 0.07604684911139441
Hamming distance: 
0.74375 +- 0.10625
Precision: 
0.8785714285714287 +- 0.09442360047430204
Recall: 
0.7875 +- 0.08003905296791061
F-Score: 
0.8290476190476191 +- 0.07868354194647463

Summary Temporal
Temporal Topology: 
0.6420202020202019 +- 0.12291331453305243
Temporal Precision: 
0.7809126984126984 +- 0.06945202906426755
Temporal Recall: 
0.775 +- 0.09354143466934853
Temporal F-Score: 
0.7736671335200747 +- 0.060642182568869926
