Topology: 
[1.0, 0.7142857142857143, 0.8, 0.8, 0.7142857142857143, 1.0, 1.0, 1.0, 0.8571428571428571, 0.8] +- [1.0, 0.7142857142857143, 0.8, 0.8, 0.7142857142857143, 1.0, 1.0, 1.0, 0.8571428571428571, 0.8]
precision Non Oriented: 
[1.0, 0.7142857142857143, 1.0, 1.0, 0.7142857142857143, 1.0, 1.0, 1.0, 0.7777777777777778, 1.0] +- [1.0, 0.7142857142857143, 1.0, 1.0, 0.7142857142857143, 1.0, 1.0, 1.0, 0.7777777777777778, 1.0]
recall Non Oriented: 
[1.0, 0.7142857142857143, 0.7142857142857143, 0.7142857142857143, 0.7142857142857143, 1.0, 1.0, 1.0, 1.0, 0.7142857142857143] +- [1.0, 0.7142857142857143, 0.7142857142857143, 0.7142857142857143, 0.7142857142857143, 1.0, 1.0, 1.0, 1.0, 0.7142857142857143]
F1 Non Oriented: 
[1.0, 0.7142857142857143, 0.8333333333333333, 0.8333333333333333, 0.7142857142857143, 1.0, 1.0, 1.0, 0.8750000000000001, 0.8333333333333333] +- [1.0, 0.7142857142857143, 0.8333333333333333, 0.8333333333333333, 0.7142857142857143, 1.0, 1.0, 1.0, 0.8750000000000001, 0.8333333333333333]
Hamming distance: 
[0.7777777777777778, 0.5555555555555556, 0.7777777777777778, 0.7777777777777778, 0.5555555555555556, 0.7777777777777778, 1.0, 1.0, 0.7777777777777778, 0.6666666666666666] +- [0.7777777777777778, 0.5555555555555556, 0.7777777777777778, 0.7777777777777778, 0.5555555555555556, 0.7777777777777778, 1.0, 1.0, 0.7777777777777778, 0.6666666666666666]
Precision: 
[0.8333333333333334, 0.8, 1.0, 1.0, 0.8, 0.8333333333333334, 1.0, 1.0, 0.8571428571428571, 1.0] +- [0.8333333333333334, 0.8, 1.0, 1.0, 0.8, 0.8333333333333334, 1.0, 1.0, 0.8571428571428571, 1.0]
Recall: 
[0.8333333333333334, 0.6666666666666666, 0.8333333333333334, 0.8333333333333334, 0.6666666666666666, 0.8333333333333334, 1.0, 1.0, 1.0, 0.6666666666666666] +- [0.8333333333333334, 0.6666666666666666, 0.8333333333333334, 0.8333333333333334, 0.6666666666666666, 0.8333333333333334, 1.0, 1.0, 1.0, 0.6666666666666666]
F-Score: 
[0.8333333333333334, 0.7272727272727272, 0.9090909090909091, 0.9090909090909091, 0.7272727272727272, 0.8333333333333334, 1.0, 1.0, 0.923076923076923, 0.8] +- [0.8333333333333334, 0.7272727272727272, 0.9090909090909091, 0.9090909090909091, 0.7272727272727272, 0.8333333333333334, 1.0, 1.0, 0.923076923076923, 0.8]
Temporal Topology: 
[0.7142857142857143, 0.5, 0.5, 0.3333333333333333, 0.3333333333333333, 0.3333333333333333, 0.5, 0.7142857142857143, 0.7142857142857143, 0.3333333333333333] +- [0.7142857142857143, 0.5, 0.5, 0.3333333333333333, 0.3333333333333333, 0.3333333333333333, 0.5, 0.7142857142857143, 0.7142857142857143, 0.3333333333333333]
Temporal Precision: 
[0.8333333333333334, 0.5, 0.4444444444444444, 0.5, 0.3333333333333333, 0.5, 0.5714285714285714, 0.8333333333333334, 0.625, 0.3] +- [0.8333333333333334, 0.5, 0.4444444444444444, 0.5, 0.3333333333333333, 0.5, 0.5714285714285714, 0.8333333333333334, 0.625, 0.3]
Temporal Recall: 
[0.8333333333333334, 0.6666666666666666, 0.6666666666666666, 0.5, 0.5, 0.5, 0.6666666666666666, 0.8333333333333334, 0.8333333333333334, 0.5] +- [0.8333333333333334, 0.6666666666666666, 0.6666666666666666, 0.5, 0.5, 0.5, 0.6666666666666666, 0.8333333333333334, 0.8333333333333334, 0.5]
Temporal F-Score: 
[0.8333333333333334, 0.5714285714285715, 0.5333333333333333, 0.5, 0.4, 0.5, 0.6153846153846153, 0.8333333333333334, 0.7142857142857143, 0.37499999999999994] +- [0.8333333333333334, 0.5714285714285715, 0.5333333333333333, 0.5, 0.4, 0.5, 0.6153846153846153, 0.8333333333333334, 0.7142857142857143, 0.37499999999999994]


Summary Unit
Topology: 
0.8685714285714285 +- 0.11442848225429018
Precision Non Oriented:
0.9206349206349207 +- 0.12233554836823932
Recall Non Oriented:
0.8571428571428571 +- 0.14285714285714285
F1 Non Oriented: 
0.8803571428571428 +- 0.10912355694474091
Hamming distance: 
0.7666666666666668 +- 0.14444444444444443
Precision: 
0.9123809523809523 +- 0.08899030495743471
Recall: 
0.8333333333333334 +- 0.12909944487358058
F-Score: 
0.8662470862470864 +- 0.09373556003101088

Summary Temporal
Temporal Topology: 
0.4976190476190475 +- 0.1577369721433513
Temporal Precision: 
0.5440873015873016 +- 0.17157405367855486
Temporal Recall: 
0.6499999999999999 +- 0.13844373104863458
Temporal F-Score: 
0.5876098901098902 +- 0.1537977316196127
