Topology: 
[0.8, 1.0, 1.0, 0.7142857142857143, 1.0, 0.8571428571428571, 0.8, 0.7142857142857143, 1.0, 0.5714285714285714] +- [0.8, 1.0, 1.0, 0.7142857142857143, 1.0, 0.8571428571428571, 0.8, 0.7142857142857143, 1.0, 0.5714285714285714]
precision Non Oriented: 
[1.0, 1.0, 1.0, 0.7142857142857143, 1.0, 0.7777777777777778, 1.0, 0.7142857142857143, 1.0, 0.6] +- [1.0, 1.0, 1.0, 0.7142857142857143, 1.0, 0.7777777777777778, 1.0, 0.7142857142857143, 1.0, 0.6]
recall Non Oriented: 
[0.7142857142857143, 1.0, 1.0, 0.7142857142857143, 1.0, 1.0, 0.7142857142857143, 0.7142857142857143, 1.0, 0.42857142857142855] +- [0.7142857142857143, 1.0, 1.0, 0.7142857142857143, 1.0, 1.0, 0.7142857142857143, 0.7142857142857143, 1.0, 0.42857142857142855]
F1 Non Oriented: 
[0.8333333333333333, 1.0, 1.0, 0.7142857142857143, 1.0, 0.8750000000000001, 0.8333333333333333, 0.7142857142857143, 1.0, 0.5] +- [0.8333333333333333, 1.0, 1.0, 0.7142857142857143, 1.0, 0.8750000000000001, 0.8333333333333333, 0.7142857142857143, 1.0, 0.5]
Hamming distance: 
[0.7777777777777778, 1.0, 1.0, 0.5555555555555556, 1.0, 0.7777777777777778, 0.7777777777777778, 0.5555555555555556, 0.7777777777777778, 0.3333333333333333] +- [0.7777777777777778, 1.0, 1.0, 0.5555555555555556, 1.0, 0.7777777777777778, 0.7777777777777778, 0.5555555555555556, 0.7777777777777778, 0.3333333333333333]
Precision: 
[1.0, 1.0, 1.0, 0.8, 1.0, 0.8333333333333334, 1.0, 0.8, 0.8, 0.75] +- [1.0, 1.0, 1.0, 0.8, 1.0, 0.8333333333333334, 1.0, 0.8, 0.8, 0.75]
Recall: 
[0.8, 1.0, 1.0, 0.8, 1.0, 1.0, 0.8, 0.8, 0.8, 0.6] +- [0.8, 1.0, 1.0, 0.8, 1.0, 1.0, 0.8, 0.8, 0.8, 0.6]
F-Score: 
[0.888888888888889, 1.0, 1.0, 0.8000000000000002, 1.0, 0.9090909090909091, 0.888888888888889, 0.8000000000000002, 0.8000000000000002, 0.6666666666666665] +- [0.888888888888889, 1.0, 1.0, 0.8000000000000002, 1.0, 0.9090909090909091, 0.888888888888889, 0.8000000000000002, 0.8000000000000002, 0.6666666666666665]
Temporal Topology: 
[0.6666666666666666, 1.0, 1.0, 0.42857142857142855, 1.0, 1.0, 0.6666666666666666, 0.25, 0.6666666666666666, 0.42857142857142855] +- [0.6666666666666666, 1.0, 1.0, 0.42857142857142855, 1.0, 1.0, 0.6666666666666666, 0.25, 0.6666666666666666, 0.42857142857142855]
Temporal Precision: 
[1.0, 0.7142857142857143, 0.625, 0.42857142857142855, 1.0, 0.625, 1.0, 0.4, 0.8, 0.75] +- [1.0, 0.7142857142857143, 0.625, 0.42857142857142855, 1.0, 0.625, 1.0, 0.4, 0.8, 0.75]
Temporal Recall: 
[0.8, 1.0, 1.0, 0.6, 1.0, 1.0, 0.8, 0.4, 0.8, 0.6] +- [0.8, 1.0, 1.0, 0.6, 1.0, 1.0, 0.8, 0.4, 0.8, 0.6]
Temporal F-Score: 
[0.888888888888889, 0.8333333333333333, 0.7692307692307693, 0.5, 1.0, 0.7692307692307693, 0.888888888888889, 0.4000000000000001, 0.8000000000000002, 0.6666666666666665] +- [0.888888888888889, 0.8333333333333333, 0.7692307692307693, 0.5, 1.0, 0.7692307692307693, 0.888888888888889, 0.4000000000000001, 0.8000000000000002, 0.6666666666666665]


Summary Unit
Topology: 
0.8457142857142858 +- 0.144674158870539
Precision Non Oriented: 
0.8806349206349205 +- 0.15171282096563718
Recall Non Oriented:
0.8285714285714286 +- 0.18952141659173713
F1 Non Oriented: 
0.8470238095238095 +- 0.1582493959394245
Hamming distance: 
0.7555555555555555 +- 0.2096440251568134
Precision: 
0.8983333333333334 +- 0.10340051579497397
Recall: 
0.86 +- 0.12806248474865697
F-Score: 
0.8753535353535353 +- 0.10425906217547529

Summary Temporal
Temporal Topology: 
0.7107142857142856 +- 0.26683933610417526
Temporal Precision: 
0.7342857142857142 +- 0.21115692008068118
Temporal Recall: 
0.8 +- 0.2
Temporal F-Score: 
0.7516239316239316 +- 0.1741213396553367
