Topology: 
[0.4, 0.5833333333333334, 0.5833333333333334, 0.4, 0.75, 0.5833333333333334, 0.4, 0.7, 0.4, 0.4] +- [0.4, 0.5833333333333334, 0.5833333333333334, 0.4, 0.75, 0.5833333333333334, 0.4, 0.7, 0.4, 0.4]
precision Non Oriented: 
[0.7142857142857143, 0.6666666666666666, 0.6666666666666666, 0.7142857142857143, 0.7333333333333333, 0.6666666666666666, 0.7142857142857143, 0.8333333333333334, 0.7142857142857143, 0.7142857142857143] +- [0.7142857142857143, 0.6666666666666666, 0.6666666666666666, 0.7142857142857143, 0.7333333333333333, 0.6666666666666666, 0.7142857142857143, 0.8333333333333334, 0.7142857142857143, 0.7142857142857143]
recall Non Oriented: 
[0.4166666666666667, 0.6666666666666666, 0.6666666666666666, 0.4166666666666667, 0.9166666666666666, 0.6666666666666666, 0.4166666666666667, 0.8333333333333334, 0.4166666666666667, 0.4166666666666667] +- [0.4166666666666667, 0.6666666666666666, 0.6666666666666666, 0.4166666666666667, 0.9166666666666666, 0.6666666666666666, 0.4166666666666667, 0.8333333333333334, 0.4166666666666667, 0.4166666666666667]
F1 Non Oriented: 
[0.5263157894736842, 0.6666666666666666, 0.6666666666666666, 0.5263157894736842, 0.8148148148148148, 0.6666666666666666, 0.5263157894736842, 0.8333333333333334, 0.5263157894736842, 0.5263157894736842] +- [0.5263157894736842, 0.6666666666666666, 0.6666666666666666, 0.5263157894736842, 0.8148148148148148, 0.6666666666666666, 0.5263157894736842, 0.8333333333333334, 0.5263157894736842, 0.5263157894736842]
Hamming distance: 
[0.3125, 0.1875, 0.1875, 0.1875, 0.4375, 0.4375, 0.3125, 0.5, 0.1875, 0.1875] +- [0.3125, 0.1875, 0.1875, 0.1875, 0.4375, 0.4375, 0.3125, 0.5, 0.1875, 0.1875]
Precision: 
[0.5, 0.375, 0.375, 0.25, 0.5, 0.625, 0.5, 0.5, 0.25, 0.25] +- [0.5, 0.375, 0.375, 0.25, 0.5, 0.625, 0.5, 0.5, 0.25, 0.25]
Recall: 
[0.25, 0.375, 0.375, 0.125, 0.75, 0.625, 0.25, 0.5, 0.125, 0.125] +- [0.25, 0.375, 0.375, 0.125, 0.75, 0.625, 0.25, 0.5, 0.125, 0.125]
F-Score: 
[0.3333333333333333, 0.375, 0.375, 0.16666666666666666, 0.6, 0.625, 0.3333333333333333, 0.5, 0.16666666666666666, 0.16666666666666666] +- [0.3333333333333333, 0.375, 0.375, 0.16666666666666666, 0.6, 0.625, 0.3333333333333333, 0.5, 0.16666666666666666, 0.16666666666666666]
Temporal Topology: 
[0.09090909090909091, 0.0, 0.06666666666666667, 0.0, 0.05263157894736842, 0.0, 0.0, 0.0, 0.0, 0.0] +- [0.09090909090909091, 0.0, 0.06666666666666667, 0.0, 0.05263157894736842, 0.0, 0.0, 0.0, 0.0, 0.0]
Temporal Precision: 
[0.25, 0.0, 0.125, 0.0, 0.08333333333333333, 0.0, 0.0, 0.0, 0.0, 0.0] +- [0.25, 0.0, 0.125, 0.0, 0.08333333333333333, 0.0, 0.0, 0.0, 0.0, 0.0]
Temporal Recall: 
[0.125, 0.0, 0.125, 0.0, 0.125, 0.0, 0.0, 0.0, 0.0, 0.0] +- [0.125, 0.0, 0.125, 0.0, 0.125, 0.0, 0.0, 0.0, 0.0, 0.0]
Temporal F-Score: 
[0.16666666666666666, 0, 0.125, 0, 0.1, 0, 0, 0, 0, 0] +- [0.16666666666666666, 0, 0.125, 0, 0.1, 0, 0, 0, 0, 0]


Summary Unit
Topology: 
0.5200000000000001 +- 0.13012814197295422
precision Non Oriented: 
0.7138095238095239 +- 0.046190476190476205
recall Non Oriented: 
0.5833333333333334 +- 0.18257418583505536
F1 Non Oriented: 
0.6279727095516568 +- 0.11543191588530423
Hamming distance: 
0.29375 +- 0.11875
Precision: 
0.4125 +- 0.12562344526401112
Recall: 
0.35 +- 0.2076655965729519
F-Score: 
0.36416666666666664 +- 0.16163444696117363

Summary Temporal
Temporal Topology: 
0.0210207336523126 +- 0.03325699614222578
Temporal Precision: 
0.04583333333333333 +- 0.08003905296791061
Temporal Recall: 
0.0375 +- 0.05728219618694799
Temporal F-Score: 
0.03916666666666666 +- 0.06169481339626533