Topology: 
[0.7142857142857143, 0.7142857142857143, 0.6, 0.7142857142857143, 1.0, 0.6, 0.7142857142857143, 0.7142857142857143, 0.42857142857142855, 0.6] +- [0.7142857142857143, 0.7142857142857143, 0.6, 0.7142857142857143, 1.0, 0.6, 0.7142857142857143, 0.7142857142857143, 0.42857142857142855, 0.6]
precision Non Oriented: 
[0.75, 0.75, 1.0, 0.75, 1.0, 1.0, 0.75, 0.75, 0.6, 1.0] +- [0.75, 0.75, 1.0, 0.75, 1.0, 1.0, 0.75, 0.75, 0.6, 1.0]
recall Non Oriented: 
[0.8571428571428571, 0.8571428571428571, 0.7142857142857143, 0.8571428571428571, 1.0, 0.7142857142857143, 0.8571428571428571, 0.8571428571428571, 0.42857142857142855, 0.7142857142857143] +- [0.8571428571428571, 0.8571428571428571, 0.7142857142857143, 0.8571428571428571, 1.0, 0.7142857142857143, 0.8571428571428571, 0.8571428571428571, 0.42857142857142855, 0.7142857142857143]
F1 Non Oriented: 
[0.7999999999999999, 0.7999999999999999, 0.8333333333333333, 0.7999999999999999, 1.0, 0.8333333333333333, 0.7999999999999999, 0.7999999999999999, 0.5, 0.8333333333333333] +- [0.7999999999999999, 0.7999999999999999, 0.8333333333333333, 0.7999999999999999, 1.0, 0.8333333333333333, 0.7999999999999999, 0.7999999999999999, 0.5, 0.8333333333333333]
Hamming distance: 
[0.4444444444444444, 0.5555555555555556, 0.4444444444444444, 0.5555555555555556, 0.6666666666666666, 0.4444444444444444, 0.5555555555555556, 0.4444444444444444, 0.2222222222222222, 0.4444444444444444] +- [0.4444444444444444, 0.5555555555555556, 0.4444444444444444, 0.5555555555555556, 0.6666666666666666, 0.4444444444444444, 0.5555555555555556, 0.4444444444444444, 0.2222222222222222, 0.4444444444444444]
Precision: 
[0.6666666666666666, 0.6666666666666666, 0.6666666666666666, 0.6666666666666666, 0.8, 0.6666666666666666, 0.6666666666666666, 0.6666666666666666, 0.6666666666666666, 0.6666666666666666] +- [0.6666666666666666, 0.6666666666666666, 0.6666666666666666, 0.6666666666666666, 0.8, 0.6666666666666666, 0.6666666666666666, 0.6666666666666666, 0.6666666666666666, 0.6666666666666666]
Recall: 
[0.6666666666666666, 0.6666666666666666, 0.3333333333333333, 0.6666666666666666, 0.6666666666666666, 0.3333333333333333, 0.6666666666666666, 0.6666666666666666, 0.3333333333333333, 0.3333333333333333] +- [0.6666666666666666, 0.6666666666666666, 0.3333333333333333, 0.6666666666666666, 0.6666666666666666, 0.3333333333333333, 0.6666666666666666, 0.6666666666666666, 0.3333333333333333, 0.3333333333333333]
F-Score: 
[0.6666666666666666, 0.6666666666666666, 0.4444444444444444, 0.6666666666666666, 0.7272727272727272, 0.4444444444444444, 0.6666666666666666, 0.6666666666666666, 0.4444444444444444, 0.4444444444444444] +- [0.6666666666666666, 0.6666666666666666, 0.4444444444444444, 0.6666666666666666, 0.7272727272727272, 0.4444444444444444, 0.6666666666666666, 0.6666666666666666, 0.4444444444444444, 0.4444444444444444]
Temporal Topology: 
[0.09090909090909091, 0.0, 0.0, 0.0, 0.0, 0.0, 0.0, 0.09090909090909091, 0.0, 0.0] +- [0.09090909090909091, 0.0, 0.0, 0.0, 0.0, 0.0, 0.0, 0.09090909090909091, 0.0, 0.0]
Temporal Precision: 
[0.16666666666666666, 0.0, 0.0, 0.0, 0.0, 0.0, 0.0, 0.16666666666666666, 0.0, 0.0] +- [0.16666666666666666, 0.0, 0.0, 0.0, 0.0, 0.0, 0.0, 0.16666666666666666, 0.0, 0.0]
Temporal Recall: 
[0.16666666666666666, 0.0, 0.0, 0.0, 0.0, 0.0, 0.0, 0.16666666666666666, 0.0, 0.0] +- [0.16666666666666666, 0.0, 0.0, 0.0, 0.0, 0.0, 0.0, 0.16666666666666666, 0.0, 0.0]
Temporal F-Score: 
[0.16666666666666666, 0, 0, 0, 0, 0, 0, 0.16666666666666666, 0, 0] +- [0.16666666666666666, 0, 0, 0, 0, 0, 0, 0.16666666666666666, 0, 0]


Summary Unit
Topology: 
0.6799999999999999 +- 0.13809195398393798
precision Non Oriented: 
0.835 +- 0.14150971698084908
recall Non Oriented: 
0.7857142857142858 +- 0.14638501094227996
F1 Non Oriented: 
0.7999999999999999 +- 0.11547005383792515
Hamming distance: 
0.47777777777777775 +- 0.111665284679121
Precision: 
0.68 +- 0.04000000000000003
Recall: 
0.5333333333333332 +- 0.1632993161855452
F-Score: 
0.5838383838383839 +- 0.11515151515151514

Summary Temporal
Temporal Topology: 
0.01818181818181818 +- 0.03636363636363636
Temporal Precision: 
0.03333333333333333 +- 0.06666666666666667
Temporal Recall: 
0.03333333333333333 +- 0.06666666666666667
Temporal F-Score: 
0.03333333333333333 +- 0.06666666666666667