Topology: 
[0.3333333333333333, 0.5, 0.5, 0.5, 0.8333333333333334, 0.8333333333333334, 0.6666666666666666, 0.5, 0.8333333333333334, 0.5] +- [0.3333333333333333, 0.5, 0.5, 0.5, 0.8333333333333334, 0.8333333333333334, 0.6666666666666666, 0.5, 0.8333333333333334, 0.5]
precision Non Oriented: 
[1.0, 1.0, 1.0, 1.0, 1.0, 1.0, 1.0, 1.0, 1.0, 1.0] +- [1.0, 1.0, 1.0, 1.0, 1.0, 1.0, 1.0, 1.0, 1.0, 1.0]
recall Non Oriented: 
[0.3333333333333333, 0.5555555555555556, 0.5555555555555556, 0.5555555555555556, 0.8888888888888888, 0.8888888888888888, 0.6666666666666666, 0.5555555555555556, 0.8888888888888888, 0.5555555555555556] +- [0.3333333333333333, 0.5555555555555556, 0.5555555555555556, 0.5555555555555556, 0.8888888888888888, 0.8888888888888888, 0.6666666666666666, 0.5555555555555556, 0.8888888888888888, 0.5555555555555556]
F1 Non Oriented: 
[0.5, 0.7142857142857143, 0.7142857142857143, 0.7142857142857143, 0.9411764705882353, 0.9411764705882353, 0.8, 0.7142857142857143, 0.9411764705882353, 0.7142857142857143] +- [0.5, 0.7142857142857143, 0.7142857142857143, 0.7142857142857143, 0.9411764705882353, 0.9411764705882353, 0.8, 0.7142857142857143, 0.9411764705882353, 0.7142857142857143]
Hamming distance: 
[0.2222222222222222, 0.2222222222222222, 0.2222222222222222, 0.2222222222222222, 0.6666666666666666, 0.6666666666666666, 0.3333333333333333, 0.5555555555555556, 0.6666666666666666, 0.3333333333333333] +- [0.2222222222222222, 0.2222222222222222, 0.2222222222222222, 0.2222222222222222, 0.6666666666666666, 0.6666666666666666, 0.3333333333333333, 0.5555555555555556, 0.6666666666666666, 0.3333333333333333]
Precision: 
[0.6666666666666666, 0.6666666666666666, 0.6666666666666666, 0.6666666666666666, 0.8333333333333334, 0.8333333333333334, 0.75, 1.0, 0.8333333333333334, 0.75] +- [0.6666666666666666, 0.6666666666666666, 0.6666666666666666, 0.6666666666666666, 0.8333333333333334, 0.8333333333333334, 0.75, 1.0, 0.8333333333333334, 0.75]
Recall: 
[0.2857142857142857, 0.2857142857142857, 0.2857142857142857, 0.2857142857142857, 0.7142857142857143, 0.7142857142857143, 0.42857142857142855, 0.42857142857142855, 0.7142857142857143, 0.42857142857142855] +- [0.2857142857142857, 0.2857142857142857, 0.2857142857142857, 0.2857142857142857, 0.7142857142857143, 0.7142857142857143, 0.42857142857142855, 0.42857142857142855, 0.7142857142857143, 0.42857142857142855]
F-Score: 
[0.4, 0.4, 0.4, 0.4, 0.7692307692307692, 0.7692307692307692, 0.5454545454545454, 0.6, 0.7692307692307692, 0.5454545454545454] +- [0.4, 0.4, 0.4, 0.4, 0.7692307692307692, 0.7692307692307692, 0.5454545454545454, 0.6, 0.7692307692307692, 0.5454545454545454]
Temporal Topology: 
[0.0, 0.0, 0.0, 0.0, 0.0, 0.08333333333333333, 0.0, 0.0, 0.08333333333333333, 0.0] +- [0.0, 0.0, 0.0, 0.0, 0.0, 0.08333333333333333, 0.0, 0.0, 0.08333333333333333, 0.0]
Temporal Precision: 
[0.0, 0.0, 0.0, 0.0, 0.0, 0.16666666666666666, 0.0, 0.0, 0.16666666666666666, 0.0] +- [0.0, 0.0, 0.0, 0.0, 0.0, 0.16666666666666666, 0.0, 0.0, 0.16666666666666666, 0.0]
Temporal Recall: 
[0.0, 0.0, 0.0, 0.0, 0.0, 0.14285714285714285, 0.0, 0.0, 0.14285714285714285, 0.0] +- [0.0, 0.0, 0.0, 0.0, 0.0, 0.14285714285714285, 0.0, 0.0, 0.14285714285714285, 0.0]
Temporal F-Score: 
[0, 0, 0, 0, 0, 0.15384615384615383, 0, 0, 0.15384615384615383, 0] +- [0, 0, 0, 0, 0, 0.15384615384615383, 0, 0, 0.15384615384615383, 0]


Summary Unit
Topology: 
0.5999999999999999 +- 0.16996731711975951
precision Non Oriented: 
1.0 +- 0.0
recall Non Oriented: 
0.6444444444444445 +- 0.17777777777777776
F1 Non Oriented: 
0.7694957983193278 +- 0.13312476036374762
Hamming distance: 
0.4111111111111111 +- 0.19277057303219414
Precision: 
0.7666666666666667 +- 0.10408329997330666
Recall: 
0.45714285714285713 +- 0.17842851423995426
F-Score: 
0.5598601398601399 +- 0.15354331286838208

Summary Temporal
Temporal Topology: 
0.016666666666666666 +- 0.03333333333333333
Temporal Precision: 
0.03333333333333333 +- 0.06666666666666667
Temporal Recall: 
0.02857142857142857 +- 0.05714285714285714
Temporal F-Score: 
0.030769230769230764 +- 0.06153846153846152