Topology: 
[0.42857142857142855, 0.42857142857142855, 0.7142857142857143, 0.7142857142857143, 0.42857142857142855, 0.42857142857142855, 0.42857142857142855, 0.42857142857142855, 0.7142857142857143, 0.5714285714285714] +- [0.42857142857142855, 0.42857142857142855, 0.7142857142857143, 0.7142857142857143, 0.42857142857142855, 0.42857142857142855, 0.42857142857142855, 0.42857142857142855, 0.7142857142857143, 0.5714285714285714]
precision Non Oriented: 
[0.6, 0.6, 0.75, 0.75, 0.6, 0.6, 0.6, 0.6, 0.75, 0.7142857142857143] +- [0.6, 0.6, 0.75, 0.75, 0.6, 0.6, 0.6, 0.6, 0.75, 0.7142857142857143]
recall Non Oriented: 
[0.42857142857142855, 0.42857142857142855, 0.8571428571428571, 0.8571428571428571, 0.42857142857142855, 0.42857142857142855, 0.42857142857142855, 0.42857142857142855, 0.8571428571428571, 0.7142857142857143] +- [0.42857142857142855, 0.42857142857142855, 0.8571428571428571, 0.8571428571428571, 0.42857142857142855, 0.42857142857142855, 0.42857142857142855, 0.42857142857142855, 0.8571428571428571, 0.7142857142857143]
F1 Non Oriented: 
[0.5, 0.5, 0.7999999999999999, 0.7999999999999999, 0.5, 0.5, 0.5, 0.5, 0.7999999999999999, 0.7142857142857143] +- [0.5, 0.5, 0.7999999999999999, 0.7999999999999999, 0.5, 0.5, 0.5, 0.5, 0.7999999999999999, 0.7142857142857143]
Hamming distance: 
[0.1111111111111111, 0.1111111111111111, 0.4444444444444444, 0.5555555555555556, 0.1111111111111111, 0.1111111111111111, 0.1111111111111111, 0.1111111111111111, 0.5555555555555556, 0.2222222222222222] +- [0.1111111111111111, 0.1111111111111111, 0.4444444444444444, 0.5555555555555556, 0.1111111111111111, 0.1111111111111111, 0.1111111111111111, 0.1111111111111111, 0.5555555555555556, 0.2222222222222222]
Precision: 
[0.3333333333333333, 0.3333333333333333, 0.6, 0.6666666666666666, 0.3333333333333333, 0.3333333333333333, 0.3333333333333333, 0.3333333333333333, 0.6666666666666666, 0.4] +- [0.3333333333333333, 0.3333333333333333, 0.6, 0.6666666666666666, 0.3333333333333333, 0.3333333333333333, 0.3333333333333333, 0.3333333333333333, 0.6666666666666666, 0.4]
Recall: 
[0.2, 0.2, 0.6, 0.8, 0.2, 0.2, 0.2, 0.2, 0.8, 0.4] +- [0.2, 0.2, 0.6, 0.8, 0.2, 0.2, 0.2, 0.2, 0.8, 0.4]
F-Score: 
[0.25, 0.25, 0.6, 0.7272727272727272, 0.25, 0.25, 0.25, 0.25, 0.7272727272727272, 0.4000000000000001] +- [0.25, 0.25, 0.6, 0.7272727272727272, 0.25, 0.25, 0.25, 0.25, 0.7272727272727272, 0.4000000000000001]
Temporal Topology: 
[0.0, 0.0, 0.0, 0.0, 0.0, 0.0, 0.0, 0.0, 0.0, 0.0] +- [0.0, 0.0, 0.0, 0.0, 0.0, 0.0, 0.0, 0.0, 0.0, 0.0]
Temporal Precision: 
[0.0, 0.0, 0.0, 0.0, 0.0, 0.0, 0.0, 0.0, 0.0, 0.0] +- [0.0, 0.0, 0.0, 0.0, 0.0, 0.0, 0.0, 0.0, 0.0, 0.0]
Temporal Recall: 
[0.0, 0.0, 0.0, 0.0, 0.0, 0.0, 0.0, 0.0, 0.0, 0.0] +- [0.0, 0.0, 0.0, 0.0, 0.0, 0.0, 0.0, 0.0, 0.0, 0.0]
Temporal F-Score: 
[0, 0, 0, 0, 0, 0, 0, 0, 0, 0] +- [0, 0, 0, 0, 0, 0, 0, 0, 0, 0]


Summary Unit
Topology: 
0.5285714285714286 +- 0.1285714285714286
precision Non Oriented: 
0.6564285714285714 +- 0.06979927489243858
recall Non Oriented: 
0.5857142857142856 +- 0.19639610121239315
F1 Non Oriented: 
0.6114285714285714 +- 0.13847566646917295
Hamming distance: 
0.24444444444444446 +- 0.18459164139817943
Precision: 
0.4333333333333333 +- 0.14063348739819323
Recall: 
0.37999999999999995 +- 0.24413111231467408
F-Score: 
0.3954545454545454 +- 0.19723292434652226

Summary Temporal
Temporal Topology: 
0.0 +- 0.0
Temporal Precision: 
0.0 +- 0.0
Temporal Recall: 
0.0 +- 0.0
Temporal F-Score: 
0.0 +- 0.0
