Topology: 
[0.7142857142857143, 0.6, 0.7142857142857143, 0.6, 0.7142857142857143, 0.6, 0.42857142857142855, 0.7142857142857143, 0.7142857142857143, 0.8] +- [0.7142857142857143, 0.6, 0.7142857142857143, 0.6, 0.7142857142857143, 0.6, 0.42857142857142855, 0.7142857142857143, 0.7142857142857143, 0.8]
precision Non Oriented: 
[0.75, 1.0, 0.75, 1.0, 0.75, 1.0, 0.6, 0.75, 0.75, 1.0] +- [0.75, 1.0, 0.75, 1.0, 0.75, 1.0, 0.6, 0.75, 0.75, 1.0]
recall Non Oriented: 
[0.8571428571428571, 0.7142857142857143, 0.8571428571428571, 0.7142857142857143, 0.8571428571428571, 0.7142857142857143, 0.42857142857142855, 0.8571428571428571, 0.8571428571428571, 0.8571428571428571] +- [0.8571428571428571, 0.7142857142857143, 0.8571428571428571, 0.7142857142857143, 0.8571428571428571, 0.7142857142857143, 0.42857142857142855, 0.8571428571428571, 0.8571428571428571, 0.8571428571428571]
F1 Non Oriented: 
[0.7999999999999999, 0.8333333333333333, 0.7999999999999999, 0.8333333333333333, 0.7999999999999999, 0.8333333333333333, 0.5, 0.7999999999999999, 0.7999999999999999, 0.923076923076923] +- [0.7999999999999999, 0.8333333333333333, 0.7999999999999999, 0.8333333333333333, 0.7999999999999999, 0.8333333333333333, 0.5, 0.7999999999999999, 0.7999999999999999, 0.923076923076923]
Hamming distance: 
[0.6666666666666666, 0.3333333333333333, 0.3333333333333333, 0.3333333333333333, 0.6666666666666666, 0.3333333333333333, 0.3333333333333333, 0.6666666666666666, 0.3333333333333333, 0.6666666666666666] +- [0.6666666666666666, 0.3333333333333333, 0.3333333333333333, 0.3333333333333333, 0.6666666666666666, 0.3333333333333333, 0.3333333333333333, 0.6666666666666666, 0.3333333333333333, 0.6666666666666666]
Precision: 
[0.6666666666666666, 0.3333333333333333, 0.5, 0.3333333333333333, 0.6666666666666666, 0.3333333333333333, 0.6666666666666666, 0.6666666666666666, 0.5, 0.75] +- [0.6666666666666666, 0.3333333333333333, 0.5, 0.3333333333333333, 0.6666666666666666, 0.3333333333333333, 0.6666666666666666, 0.6666666666666666, 0.5, 0.75]
Recall: 
[0.8, 0.2, 0.6, 0.2, 0.8, 0.2, 0.4, 0.8, 0.6, 0.6] +- [0.8, 0.2, 0.6, 0.2, 0.8, 0.2, 0.4, 0.8, 0.6, 0.6]
F-Score: 
[0.7272727272727272, 0.25, 0.5454545454545454, 0.25, 0.7272727272727272, 0.25, 0.5, 0.7272727272727272, 0.5454545454545454, 0.6666666666666665] +- [0.7272727272727272, 0.25, 0.5454545454545454, 0.25, 0.7272727272727272, 0.25, 0.5, 0.7272727272727272, 0.5454545454545454, 0.6666666666666665]
Temporal Topology: 
[0.0, 0.0, 0.0, 0.0, 0.0, 0.0, 0.0, 0.0, 0.1, 0.0] +- [0.0, 0.0, 0.0, 0.0, 0.0, 0.0, 0.0, 0.0, 0.1, 0.0]
Temporal Precision: 
[0.0, 0.0, 0.0, 0.0, 0.0, 0.0, 0.0, 0.0, 0.16666666666666666, 0.0] +- [0.0, 0.0, 0.0, 0.0, 0.0, 0.0, 0.0, 0.0, 0.16666666666666666, 0.0]
Temporal Recall: 
[0.0, 0.0, 0.0, 0.0, 0.0, 0.0, 0.0, 0.0, 0.2, 0.0] +- [0.0, 0.0, 0.0, 0.0, 0.0, 0.0, 0.0, 0.0, 0.2, 0.0]
Temporal F-Score: 
[0, 0, 0, 0, 0, 0, 0, 0, 0.1818181818181818, 0] +- [0, 0, 0, 0, 0, 0, 0, 0, 0.1818181818181818, 0]


Summary Unit
Topology: 
0.6599999999999999 +- 0.09934479228979265
precision Non Oriented: 
0.835 +- 0.14150971698084905
recall Non Oriented: 
0.7714285714285714 +- 0.1309307341415954
F1 Non Oriented: 
0.7923076923076923 +- 0.1038698928232261
Hamming distance: 
0.4666666666666667 +- 0.1632993161855452
Precision: 
0.5416666666666666 +- 0.15478479684172258
Recall: 
0.5199999999999999 +- 0.24
F-Score: 
0.5189393939393938 +- 0.19255692156886264

Summary Temporal
Temporal Topology: 
0.01 +- 0.030000000000000002
Temporal Precision: 
0.016666666666666666 +- 0.049999999999999996
Temporal Recall: 
0.02 +- 0.060000000000000005
Temporal F-Score: 
0.01818181818181818 +- 0.054545454545454536