Topology: 
[1.0, 1.0, 0.8, 0.7142857142857143, 0.6, 0.8571428571428571, 1.0, 0.8, 1.0, 0.6] +- [1.0, 1.0, 0.8, 0.7142857142857143, 0.6, 0.8571428571428571, 1.0, 0.8, 1.0, 0.6]
precision Non Oriented: 
[1.0, 1.0, 1.0, 0.7142857142857143, 1.0, 0.7777777777777778, 1.0, 1.0, 1.0, 1.0] +- [1.0, 1.0, 1.0, 0.7142857142857143, 1.0, 0.7777777777777778, 1.0, 1.0, 1.0, 1.0]
recall Non Oriented: 
[1.0, 1.0, 0.7142857142857143, 0.7142857142857143, 0.42857142857142855, 1.0, 1.0, 0.7142857142857143, 1.0, 0.42857142857142855] +- [1.0, 1.0, 0.7142857142857143, 0.7142857142857143, 0.42857142857142855, 1.0, 1.0, 0.7142857142857143, 1.0, 0.42857142857142855]
F1 Non Oriented: 
[1.0, 1.0, 0.8333333333333333, 0.7142857142857143, 0.6, 0.8750000000000001, 1.0, 0.8333333333333333, 1.0, 0.6] +- [1.0, 1.0, 0.8333333333333333, 0.7142857142857143, 0.6, 0.8750000000000001, 1.0, 0.8333333333333333, 1.0, 0.6]
Hamming distance: 
[1.0, 1.0, 0.7777777777777778, 0.5555555555555556, 0.5555555555555556, 0.7777777777777778, 1.0, 0.5555555555555556, 1.0, 0.5555555555555556] +- [1.0, 1.0, 0.7777777777777778, 0.5555555555555556, 0.5555555555555556, 0.7777777777777778, 1.0, 0.5555555555555556, 1.0, 0.5555555555555556]
Precision: 
[1.0, 1.0, 1.0, 0.8, 1.0, 0.8333333333333334, 1.0, 0.75, 1.0, 1.0] +- [1.0, 1.0, 1.0, 0.8, 1.0, 0.8333333333333334, 1.0, 0.75, 1.0, 1.0]
Recall: 
[1.0, 1.0, 0.8, 0.8, 0.6, 1.0, 1.0, 0.6, 1.0, 0.6] +- [1.0, 1.0, 0.8, 0.8, 0.6, 1.0, 1.0, 0.6, 1.0, 0.6]
F-Score: 
[1.0, 1.0, 0.888888888888889, 0.8000000000000002, 0.7499999999999999, 0.9090909090909091, 1.0, 0.6666666666666665, 1.0, 0.7499999999999999] +- [1.0, 1.0, 0.888888888888889, 0.8000000000000002, 0.7499999999999999, 0.9090909090909091, 1.0, 0.6666666666666665, 1.0, 0.7499999999999999]
Temporal Topology: 
[] +- []
Temporal Precision: 
[] +- []
Temporal Recall: 
[] +- []
Temporal F-Score: 
[0] +- [0]


Summary Unit
Topology: 
0.8371428571428572 +- 0.15388837725137408
precision Non Oriented: 
0.9492063492063492 +- 0.10257456775494293
recall Non Oriented: 
0.8 +- 0.22314999074019012
F1 Non Oriented: 
0.8455952380952381 +- 0.15310287509649123
Hamming distance: 
0.7777777777777779 +- 0.1987615979999813
Precision: 
0.9383333333333332 +- 0.09604686356149272
Recall: 
0.8400000000000001 +- 0.17435595774162696
F-Score: 
0.8764646464646464 +- 0.12004641485789003

Summary Temporal
Temporal Topology: 
nan +- nan
Temporal Precision: 
nan +- nan
Temporal Recall: 
nan +- nan
Temporal F-Score: 
0.0 +- 0.0