Topology: 
[0.8, 1.0, 0.7142857142857143, 1.0, 1.0, 0.8571428571428571, 0.8, 0.5714285714285714, 0.8, 0.6] +- [0.8, 1.0, 0.7142857142857143, 1.0, 1.0, 0.8571428571428571, 0.8, 0.5714285714285714, 0.8, 0.6]
precision Non Oriented: 
[1.0, 1.0, 0.7142857142857143, 1.0, 1.0, 0.7777777777777778, 1.0, 0.6, 1.0, 1.0] +- [1.0, 1.0, 0.7142857142857143, 1.0, 1.0, 0.7777777777777778, 1.0, 0.6, 1.0, 1.0]
recall Non Oriented: 
[0.7142857142857143, 1.0, 0.7142857142857143, 1.0, 1.0, 1.0, 0.7142857142857143, 0.42857142857142855, 0.7142857142857143, 0.42857142857142855] +- [0.7142857142857143, 1.0, 0.7142857142857143, 1.0, 1.0, 1.0, 0.7142857142857143, 0.42857142857142855, 0.7142857142857143, 0.42857142857142855]
F1 Non Oriented: 
[0.8333333333333333, 1.0, 0.7142857142857143, 1.0, 1.0, 0.8750000000000001, 0.8333333333333333, 0.5, 0.8333333333333333, 0.6] +- [0.8333333333333333, 1.0, 0.7142857142857143, 1.0, 1.0, 0.8750000000000001, 0.8333333333333333, 0.5, 0.8333333333333333, 0.6]
Hamming distance: 
[0.7777777777777778, 1.0, 0.5555555555555556, 0.7777777777777778, 1.0, 0.7777777777777778, 0.7777777777777778, 0.3333333333333333, 0.7777777777777778, 0.5555555555555556] +- [0.7777777777777778, 1.0, 0.5555555555555556, 0.7777777777777778, 1.0, 0.7777777777777778, 0.7777777777777778, 0.3333333333333333, 0.7777777777777778, 0.5555555555555556]
Precision: 
[1.0, 1.0, 0.8, 0.8, 1.0, 0.8333333333333334, 1.0, 1.0, 1.0, 1.0] +- [1.0, 1.0, 0.8, 0.8, 1.0, 0.8333333333333334, 1.0, 1.0, 1.0, 1.0]
Recall: 
[0.8, 1.0, 0.8, 0.8, 1.0, 1.0, 0.8, 0.6, 0.8, 0.6] +- [0.8, 1.0, 0.8, 0.8, 1.0, 1.0, 0.8, 0.6, 0.8, 0.6]
F-Score: 
[0.888888888888889, 1.0, 0.8000000000000002, 0.8000000000000002, 1.0, 0.9090909090909091, 0.888888888888889, 0.7499999999999999, 0.888888888888889, 0.7499999999999999] +- [0.888888888888889, 1.0, 0.8000000000000002, 0.8000000000000002, 1.0, 0.9090909090909091, 0.888888888888889, 0.7499999999999999, 0.888888888888889, 0.7499999999999999]
Temporal Topology: 
[] +- []
Temporal Precision: 
[] +- []
Temporal Recall: 
[] +- []
Temporal F-Score: 
[0] +- [0]


Summary Unit
Topology: 
0.8142857142857143 +- 0.14859889855938108
precision Non Oriented: 
0.9092063492063491 +- 0.1444231625696561
recall Non Oriented: 
0.7714285714285715 +- 0.21380899352993948
F1 Non Oriented: 
0.8189285714285713 +- 0.16208712593712624
Hamming distance: 
0.7333333333333333 +- 0.19372884193514103
Precision: 
0.9433333333333334 +- 0.08698658900466591
Recall: 
0.8200000000000001 +- 0.13999999999999999
F-Score: 
0.8675757575757576 +- 0.08656771917441809

Summary Temporal
Temporal Topology: 
nan +- nan
Temporal Precision: 
nan +- nan
Temporal Recall: 
nan +- nan
Temporal F-Score: 
0.0 +- 0.0