Topology: 
[1.0, 1.0, 0.8, 0.7142857142857143, 1.0, 1.0, 0.7142857142857143, 0.7142857142857143, 0.8571428571428571, 1.0] +- [1.0, 1.0, 0.8, 0.7142857142857143, 1.0, 1.0, 0.7142857142857143, 0.7142857142857143, 0.8571428571428571, 1.0]
precision Non Oriented: 
[1.0, 1.0, 1.0, 0.7142857142857143, 1.0, 1.0, 0.7142857142857143, 0.7142857142857143, 0.7777777777777778, 1.0] +- [1.0, 1.0, 1.0, 0.7142857142857143, 1.0, 1.0, 0.7142857142857143, 0.7142857142857143, 0.7777777777777778, 1.0]
recall Non Oriented: 
[1.0, 1.0, 0.7142857142857143, 0.7142857142857143, 1.0, 1.0, 0.7142857142857143, 0.7142857142857143, 1.0, 1.0] +- [1.0, 1.0, 0.7142857142857143, 0.7142857142857143, 1.0, 1.0, 0.7142857142857143, 0.7142857142857143, 1.0, 1.0]
F1 Non Oriented: 
[1.0, 1.0, 0.8333333333333333, 0.7142857142857143, 1.0, 1.0, 0.7142857142857143, 0.7142857142857143, 0.8750000000000001, 1.0] +- [1.0, 1.0, 0.8333333333333333, 0.7142857142857143, 1.0, 1.0, 0.7142857142857143, 0.7142857142857143, 0.8750000000000001, 1.0]
Hamming distance: 
[0.8888888888888888, 0.7777777777777778, 0.5555555555555556, 0.4444444444444444, 0.8888888888888888, 0.6666666666666666, 0.3333333333333333, 0.3333333333333333, 0.6666666666666666, 0.7777777777777778] +- [0.8888888888888888, 0.7777777777777778, 0.5555555555555556, 0.4444444444444444, 0.8888888888888888, 0.6666666666666666, 0.3333333333333333, 0.3333333333333333, 0.6666666666666666, 0.7777777777777778]
Precision: 
[1.0, 1.0, 1.0, 0.8, 1.0, 0.8, 0.75, 0.75, 0.8333333333333334, 1.0] +- [1.0, 1.0, 1.0, 0.8, 1.0, 0.8, 0.75, 0.75, 0.8333333333333334, 1.0]
Recall: 
[0.8333333333333334, 0.6666666666666666, 0.5, 0.6666666666666666, 0.8333333333333334, 0.6666666666666666, 0.5, 0.5, 0.8333333333333334, 0.6666666666666666] +- [0.8333333333333334, 0.6666666666666666, 0.5, 0.6666666666666666, 0.8333333333333334, 0.6666666666666666, 0.5, 0.5, 0.8333333333333334, 0.6666666666666666]
F-Score: 
[0.9090909090909091, 0.8, 0.6666666666666666, 0.7272727272727272, 0.9090909090909091, 0.7272727272727272, 0.6, 0.6, 0.8333333333333334, 0.8] +- [0.9090909090909091, 0.8, 0.6666666666666666, 0.7272727272727272, 0.9090909090909091, 0.7272727272727272, 0.6, 0.6, 0.8333333333333334, 0.8]
Temporal Topology: 
[] +- []
Temporal Precision: 
[] +- []
Temporal Recall: 
[] +- []
Temporal F-Score: 
[0] +- [0]


Summary Unit
Topology: 
0.8800000000000001 +- 0.12700634726224494
precision Non Oriented: 
0.8920634920634921 +- 0.13333333333333333
recall Non Oriented: 
0.8857142857142858 +- 0.13997084244475302
F1 Non Oriented: 
0.8851190476190476 +- 0.12502975836252134
Hamming distance: 
0.6333333333333333 +- 0.19907192074632132
Precision: 
0.8933333333333333 +- 0.10908712114635713
Recall: 
0.6666666666666666 +- 0.12909944487358058
F-Score: 
0.7572727272727271 +- 0.10724404684225491

Summary Temporal
Temporal Topology: 
nan +- nan
Temporal Precision: 
nan +- nan
Temporal Recall: 
nan +- nan
Temporal F-Score: 
0.0 +- 0.0