Topology: 
[1.0, 0.8333333333333334, 0.8333333333333334, 0.6666666666666666, 0.5, 0.8333333333333334, 0.8333333333333334, 0.6666666666666666, 0.8333333333333334, 0.8333333333333334] +- [1.0, 0.8333333333333334, 0.8333333333333334, 0.6666666666666666, 0.5, 0.8333333333333334, 0.8333333333333334, 0.6666666666666666, 0.8333333333333334, 0.8333333333333334]
precision Non Oriented: 
[1.0, 1.0, 1.0, 1.0, 1.0, 1.0, 1.0, 1.0, 1.0, 1.0] +- [1.0, 1.0, 1.0, 1.0, 1.0, 1.0, 1.0, 1.0, 1.0, 1.0]
recall Non Oriented: 
[1.0, 0.7777777777777778, 0.7777777777777778, 0.5555555555555556, 0.3333333333333333, 0.7777777777777778, 0.7777777777777778, 0.5555555555555556, 0.7777777777777778, 0.7777777777777778] +- [1.0, 0.7777777777777778, 0.7777777777777778, 0.5555555555555556, 0.3333333333333333, 0.7777777777777778, 0.7777777777777778, 0.5555555555555556, 0.7777777777777778, 0.7777777777777778]
F1 Non Oriented: 
[1.0, 0.8750000000000001, 0.8750000000000001, 0.7142857142857143, 0.5, 0.8750000000000001, 0.8750000000000001, 0.7142857142857143, 0.8750000000000001, 0.8750000000000001] +- [1.0, 0.8750000000000001, 0.8750000000000001, 0.7142857142857143, 0.5, 0.8750000000000001, 0.8750000000000001, 0.7142857142857143, 0.8750000000000001, 0.8750000000000001]
Hamming distance: 
[0.8888888888888888, 0.6666666666666666, 0.7777777777777778, 0.5555555555555556, 0.3333333333333333, 0.6666666666666666, 0.6666666666666666, 0.5555555555555556, 0.7777777777777778, 0.7777777777777778] +- [0.8888888888888888, 0.6666666666666666, 0.7777777777777778, 0.5555555555555556, 0.3333333333333333, 0.6666666666666666, 0.6666666666666666, 0.5555555555555556, 0.7777777777777778, 0.7777777777777778]
Precision: 
[1.0, 1.0, 1.0, 1.0, 1.0, 1.0, 1.0, 1.0, 1.0, 1.0] +- [1.0, 1.0, 1.0, 1.0, 1.0, 1.0, 1.0, 1.0, 1.0, 1.0]
Recall: 
[0.8571428571428571, 0.7142857142857143, 0.7142857142857143, 0.5714285714285714, 0.42857142857142855, 0.7142857142857143, 0.7142857142857143, 0.5714285714285714, 0.7142857142857143, 0.7142857142857143] +- [0.8571428571428571, 0.7142857142857143, 0.7142857142857143, 0.5714285714285714, 0.42857142857142855, 0.7142857142857143, 0.7142857142857143, 0.5714285714285714, 0.7142857142857143, 0.7142857142857143]
F-Score: 
[0.923076923076923, 0.8333333333333333, 0.8333333333333333, 0.7272727272727273, 0.6, 0.8333333333333333, 0.8333333333333333, 0.7272727272727273, 0.8333333333333333, 0.8333333333333333] +- [0.923076923076923, 0.8333333333333333, 0.8333333333333333, 0.7272727272727273, 0.6, 0.8333333333333333, 0.8333333333333333, 0.7272727272727273, 0.8333333333333333, 0.8333333333333333]
Temporal Topology: 
[] +- []
Temporal Precision: 
[] +- []
Temporal Recall: 
[] +- []
Temporal F-Score: 
[0] +- [0]


Summary Unit
Topology: 
0.7833333333333333 +- 0.1301708279317776
precision Non Oriented: 
1.0 +- 0.0
recall Non Oriented: 
0.711111111111111 +- 0.17356110390903678
F1 Non Oriented: 
0.8178571428571428 +- 0.13238394994893316
Hamming distance: 
0.6666666666666666 +- 0.14907119849998596
Precision: 
1.0 +- 0.0
Recall: 
0.6714285714285714 +- 0.11157499537009508
F-Score: 
0.7977622377622376 +- 0.08505470725310631

Summary Temporal
Temporal Topology: 
nan +- nan
Temporal Precision: 
nan +- nan
Temporal Recall: 
nan +- nan
Temporal F-Score: 
0.0 +- 0.0