Topology: 
[0.8333333333333334, 0.875, 0.75, 0.6, 0.875, 0.875, 0.875, 0.625, 0.75, 0.875] +- [0.8333333333333334, 0.875, 0.75, 0.6, 0.875, 0.875, 0.875, 0.625, 0.75, 0.875]
precision Non Oriented: 
[0.75, 1.0, 1.0, 0.75, 1.0, 1.0, 1.0, 1.0, 1.0, 1.0] +- [0.75, 1.0, 1.0, 0.75, 1.0, 1.0, 1.0, 1.0, 1.0, 1.0]
recall Non Oriented: 
[1.0, 0.8333333333333334, 0.6666666666666666, 0.5, 0.8333333333333334, 0.8333333333333334, 0.8333333333333334, 0.5, 0.6666666666666666, 0.8333333333333334] +- [1.0, 0.8333333333333334, 0.6666666666666666, 0.5, 0.8333333333333334, 0.8333333333333334, 0.8333333333333334, 0.5, 0.6666666666666666, 0.8333333333333334]
F1 Non Oriented: 
[0.8571428571428571, 0.9090909090909091, 0.8, 0.6, 0.9090909090909091, 0.9090909090909091, 0.9090909090909091, 0.6666666666666666, 0.8, 0.9090909090909091] +- [0.8571428571428571, 0.9090909090909091, 0.8, 0.6, 0.9090909090909091, 0.9090909090909091, 0.9090909090909091, 0.6666666666666666, 0.8, 0.9090909090909091]
Hamming distance: 
[0.5, 0.875, 0.6875, 0.5, 0.875, 0.8125, 0.875, 0.5, 0.75, 0.75] +- [0.5, 0.875, 0.6875, 0.5, 0.875, 0.8125, 0.875, 0.5, 0.75, 0.75]
Precision: 
[1.0, 1.0, 1.0, 0.8333333333333334, 1.0, 1.0, 1.0, 0.8, 1.0, 0.8571428571428571] +- [1.0, 1.0, 1.0, 0.8333333333333334, 1.0, 1.0, 1.0, 0.8, 1.0, 0.8571428571428571]
Recall: 
[0.5, 0.875, 0.625, 0.625, 0.875, 0.75, 0.875, 0.5, 0.75, 0.75] +- [0.5, 0.875, 0.625, 0.625, 0.875, 0.75, 0.875, 0.5, 0.75, 0.75]
F-Score: 
[0.6666666666666666, 0.9333333333333333, 0.7692307692307693, 0.7142857142857143, 0.9333333333333333, 0.8571428571428571, 0.9333333333333333, 0.6153846153846154, 0.8571428571428571, 0.7999999999999999] +- [0.6666666666666666, 0.9333333333333333, 0.7692307692307693, 0.7142857142857143, 0.9333333333333333, 0.8571428571428571, 0.9333333333333333, 0.6153846153846154, 0.8571428571428571, 0.7999999999999999]
Temporal Topology: 
[] +- []
Temporal Precision: 
[] +- []
Temporal Recall: 
[] +- []
Temporal F-Score: 
[0] +- [0]


Summary Unit
Topology: 
0.7933333333333333 +- 0.10218447370646222
precision Non Oriented: 
0.95 +- 0.09999999999999999
recall Non Oriented: 
0.75 +- 0.1536590742882148
F1 Non Oriented: 
0.8269264069264068 +- 0.10644101757873567
Hamming distance: 
0.7125 +- 0.15103807466993216
Precision: 
0.949047619047619 +- 0.0788825010987344
Recall: 
0.7125 +- 0.1375
F-Score: 
0.8079853479853479 +- 0.10926142508033877

Summary Temporal
Temporal Topology: 
nan +- nan
Temporal Precision: 
nan +- nan
Temporal Recall: 
nan +- nan
Temporal F-Score: 
0.0 +- 0.0