(100, 0.009419548343978321) +- (0.019722823056245536, 0.019722823056245536)
(250, 0.006834176147840409) +- (0.013165081844973713, 0.013165081844973713)
(500, 0.011735820046077934) +- (0.013363722999710536, 0.013363722999710536)
(750, 0.014204424458822156) +- (0.015706123368703154, 0.015706123368703154)
(1000, 0.021503252407799628) +- (0.017790789461024647, 0.017790789461024647)
(1250, 0.0231566065859707) +- (0.019341901999569998, 0.019341901999569998)
(1500, 0.025573251287824422) +- (0.022789238030852917, 0.022789238030852917)
(1750, 0.029021769934599026) +- (0.028187494820505112, 0.028187494820505112)
(2000, 0.025027476898699698) +- (0.023846585819436505, 0.023846585819436505)
(2250, 0.027355972925271685) +- (0.027129166526532984, 0.027129166526532984)
(2500, 0.029293877760750715) +- (0.026968814152107935, 0.026968814152107935)
(2750, 0.030148697679611848) +- (0.027319902040780913, 0.027319902040780913)
(3000, 0.030647027586360655) +- (0.028521008618150174, 0.028521008618150174)
(3250, 0.03210772037051881) +- (0.02972180782315098, 0.02972180782315098)
(3500, 0.0341213440540605) +- (0.032237610609032005, 0.032237610609032005)
(3750, 0.041316894145420446) +- (0.03353346713360992, 0.03353346713360992)
(4000, 0.04471112243497062) +- (0.03603264556828476, 0.03603264556828476)
(4250, 0.037982185547388) +- (0.033887160304600976, 0.033887160304600976)
(4500, 0.03498759391917443) +- (0.032306319978199285, 0.032306319978199285)
(4750, 0.03574787351111431) +- (0.03329743115939529, 0.03329743115939529)
(5000, 0.04215935711569761) +- (0.03506326675807414, 0.03506326675807414)
