(100, 0.07188447735792103) +- (0.0, 0.0)
(250, 0.07645697011561081) +- (0.0, 0.0)
(500, 0.00708553003236867) +- (0.0, 0.0)
(750, 0.03488431987937268) +- (0.0, 0.0)
(1000, 0.04278859689511938) +- (0.0, 0.0)
(1250, 0.07520500994033785) +- (0.0, 0.0)
(1500, 0.05977607077882441) +- (0.0, 0.0)
(1750, 0.07438762374555008) +- (0.0, 0.0)
(2000, 0.07969591630405004) +- (0.0, 0.0)
(2250, 0.05149575011664975) +- (0.0, 0.0)
(2500, 0.05047272637411071) +- (0.0, 0.0)
(2750, 0.06466356823839936) +- (0.0, 0.0)
(3000, 0.04740768924381866) +- (0.0, 0.0)
(3250, 0.07463818145334677) +- (0.0, 0.0)
(3500, 0.11180668716440856) +- (0.0, 0.0)
(3750, 0.07039536075753672) +- (0.0, 0.0)
(4000, 0.06569674318682361) +- (0.0, 0.0)
(4250, 0.059014127832173635) +- (0.0, 0.0)
(4500, 0.11175903819643995) +- (0.0, 0.0)
(4750, 0.08474483839073299) +- (0.0, 0.0)
(5000, 0.06567895349855579) +- (0.0, 0.0)
(6000, 0.11611381880486116) +- (0.0, 0.0)
(7000, 0.07110748537250267) +- (0.0, 0.0)
(8000, 0.08791946165539555) +- (0.0, 0.0)
(9000, 0.11209587646189245) +- (0.0, 0.0)
(10000, 0.08672544121118042) +- (0.0, 0.0)
