(100, -0.0012453545849733505) +- (0.018465172713929605, 0.018465172713929605)
(250, 0.0023092055640906574) +- (0.014647655201168019, 0.014647655201168019)
(500, 0.0010869801115759082) +- (0.009907858667112563, 0.009907858667112563)
(750, 0.003580807369683119) +- (0.010069148428981456, 0.010069148428981456)
(1000, 0.005107298644193961) +- (0.00916997986842287, 0.00916997986842287)
(1250, 0.008051329213369934) +- (0.008270965203572577, 0.008270965203572577)
(1500, 0.008166327997135299) +- (0.007561852727384644, 0.007561852727384644)
(1750, 0.007918121371657198) +- (0.007383363326562454, 0.007383363326562454)
(2000, 0.009949840611998648) +- (0.0070431320597660494, 0.0070431320597660494)
(2250, 0.009311129368107341) +- (0.006189260595429368, 0.006189260595429368)
(2500, 0.010989740076658596) +- (0.006906214724931896, 0.006906214724931896)
(2750, 0.010203955267530707) +- (0.00588011686939086, 0.00588011686939086)
(3000, 0.011894044306996348) +- (0.006599237015627065, 0.006599237015627065)
(3250, 0.013834703188636457) +- (0.00647639177933419, 0.00647639177933419)
(3500, 0.012812504338405844) +- (0.005367766325613725, 0.005367766325613725)
(3750, 0.012730255168351712) +- (0.00600110276190955, 0.00600110276190955)
(4000, 0.013640318696963588) +- (0.005716785866759904, 0.005716785866759904)
(4250, 0.014071600048969514) +- (0.005271015396850503, 0.005271015396850503)
(4500, 0.014314719271840453) +- (0.004908922717236379, 0.004908922717236379)
(4750, 0.013673274677585731) +- (0.004973253913651807, 0.004973253913651807)
(5000, 0.015021940013716671) +- (0.0050821389578638645, 0.0050821389578638645)
