(100, 0.028607617050745895) +- (0.03010276716136874, 0.03010276716136874)
(250, 0.018048713678631215) +- (0.017390395326931273, 0.017390395326931273)
(500, 0.02241245298079101) +- (0.015199898661766763, 0.015199898661766763)
(750, 0.026441168542528776) +- (0.014327195212697371, 0.014327195212697371)
(1000, 0.02929761676193354) +- (0.0135016568531028, 0.0135016568531028)
(1250, 0.03624964313806683) +- (0.01406306332059993, 0.01406306332059993)
(1500, 0.037014271594236495) +- (0.012160881935044143, 0.012160881935044143)
(1750, 0.03817448973411089) +- (0.011532496153050147, 0.011532496153050147)
(2000, 0.04013278875540402) +- (0.010398782939933184, 0.010398782939933184)
(2250, 0.04322717164695873) +- (0.009978459717584548, 0.009978459717584548)
(2500, 0.045142160810388736) +- (0.010191549918251283, 0.010191549918251283)
(2750, 0.04635215878084656) +- (0.01052338027421935, 0.01052338027421935)
(3000, 0.04644447336915381) +- (0.010591444744286077, 0.010591444744286077)
(3250, 0.04804072568765891) +- (0.008905818961632794, 0.008905818961632794)
(3500, 0.04859833786839887) +- (0.007390141523727221, 0.007390141523727221)
(3750, 0.04890217841920132) +- (0.008299118222266389, 0.008299118222266389)
(4000, 0.05061771776134807) +- (0.008815152438510497, 0.008815152438510497)
(4250, 0.05139090631406946) +- (0.009042668539358537, 0.009042668539358537)
(4500, 0.052382532149608405) +- (0.007910703545751853, 0.007910703545751853)
(4750, 0.052054458337325506) +- (0.008154388947893425, 0.008154388947893425)
(5000, 0.053078242565982994) +- (0.007246402084994105, 0.007246402084994105)
