(100, 0.008148513923754463) +- (0.019947208060107104, 0.019947208060107104)
(250, 0.005293976531731271) +- (0.013137863648859417, 0.013137863648859417)
(500, 0.003888059529261794) +- (0.009849471700751148, 0.009849471700751148)
(750, 0.0014809867952084853) +- (0.009735065162743401, 0.009735065162743401)
(1000, 0.0025683388696633625) +- (0.008515148411916435, 0.008515148411916435)
(1250, 0.0030817438763415163) +- (0.00787178502648577, 0.00787178502648577)
(1500, 0.0011800852651214998) +- (0.007285528685806158, 0.007285528685806158)
(1750, 0.0012360346027493342) +- (0.006822092455505561, 0.006822092455505561)
(2000, 0.001903136647899082) +- (0.0067933938974006885, 0.0067933938974006885)
(2250, 0.001596792026662861) +- (0.005699195566349009, 0.005699195566349009)
(2500, 0.0016650212029573818) +- (0.005662524351478898, 0.005662524351478898)
(2750, 0.0015854941585438543) +- (0.0064771159297856845, 0.0064771159297856845)
(3000, 0.0015775171027193745) +- (0.005328116860885649, 0.005328116860885649)
(3250, 0.002087743060488263) +- (0.004959881813425852, 0.004959881813425852)
(3500, 0.0010645283542068818) +- (0.005140739041361074, 0.005140739041361074)
(3750, 0.002620494319294919) +- (0.00543673275410824, 0.00543673275410824)
(4000, 0.0018841214992641041) +- (0.005180276630490721, 0.005180276630490721)
(4250, 0.00174408048652408) +- (0.0051612206214604025, 0.0051612206214604025)
(4500, 0.002431692482055179) +- (0.004292797933842633, 0.004292797933842633)
(4750, 0.001619797487702095) +- (0.00439216345684194, 0.00439216345684194)
(5000, 0.0022263876222399894) +- (0.0043929927172110155, 0.0043929927172110155)
