(100, 0.07186623902885758) +- (0.0, 0.0)
(250, 0.02586157272292189) +- (0.0, 0.0)
(500, 0.0327168246087397) +- (0.0, 0.0)
(750, 0.019110490767385357) +- (0.0, 0.0)
(1000, 0.04436961598164668) +- (0.0, 0.0)
(1250, 0.04269212608575401) +- (0.0, 0.0)
(1500, 0.024309364019944546) +- (0.0, 0.0)
(1750, 0.030516117794425313) +- (0.0, 0.0)
(2000, 0.02549569008256025) +- (0.0, 0.0)
(2250, 0.022202543521382623) +- (0.0, 0.0)
(2500, 0.024703145457883657) +- (0.0, 0.0)
(2750, 0.01720182902271894) +- (0.0, 0.0)
(3000, 0.014848533724570956) +- (0.0, 0.0)
(3250, 0.025596909151982317) +- (0.0, 0.0)
(3500, 0.027445059700687224) +- (0.0, 0.0)
(3750, 0.027291016430406323) +- (0.0, 0.0)
(4000, 0.02660648520506914) +- (0.0, 0.0)
(4250, 0.025128236332740084) +- (0.0, 0.0)
(4500, 0.015140126104858265) +- (0.0, 0.0)
(4750, 0.0155543254868169) +- (0.0, 0.0)
(5000, 0.022592061417272546) +- (0.0, 0.0)
(6000, 0.017883305666024363) +- (0.0, 0.0)
(7000, 0.02485025779856631) +- (0.0, 0.0)
(8000, 0.029774726065078916) +- (0.0, 0.0)
(9000, 0.026646484689087035) +- (0.0, 0.0)
(10000, 0.028464460894567) +- (0.0, 0.0)
