(100, 0.035044056293637) +- (0.029930015607096055, 0.029930015607096055)
(250, 0.03438979630627216) +- (0.02663330308619981, 0.02663330308619981)
(500, 0.030966562933110335) +- (0.025183813306610108, 0.025183813306610108)
(750, 0.04358318010623734) +- (0.02195545074236731, 0.02195545074236731)
(1000, 0.041231866775733116) +- (0.020724133350826863, 0.020724133350826863)
(1250, 0.04577945967593171) +- (0.019515739304906507, 0.019515739304906507)
(1500, 0.049003815717342435) +- (0.015770436865249763, 0.015770436865249763)
(1750, 0.05302090541307616) +- (0.016385563237250964, 0.016385563237250964)
(2000, 0.05797550706516217) +- (0.01670686952528332, 0.01670686952528332)
(2250, 0.05972344282388069) +- (0.016530347056462752, 0.016530347056462752)
(2500, 0.06291349891424128) +- (0.013030362671983835, 0.013030362671983835)
(2750, 0.06419009911165777) +- (0.013696670743601994, 0.013696670743601994)
(3000, 0.06585950078546887) +- (0.015419041586537322, 0.015419041586537322)
(3250, 0.06800677849598374) +- (0.014625975132040614, 0.014625975132040614)
(3500, 0.06828782536862021) +- (0.013465830026553705, 0.013465830026553705)
(3750, 0.06930332201986075) +- (0.014480378227997722, 0.014480378227997722)
(4000, 0.06915962542196269) +- (0.01316277855134853, 0.01316277855134853)
(4250, 0.07028807386508808) +- (0.012984466720016654, 0.012984466720016654)
(4500, 0.07341248888957985) +- (0.01285686117328247, 0.01285686117328247)
(4750, 0.0720382625924532) +- (0.011442458815230394, 0.011442458815230394)
(5000, 0.07485053616893313) +- (0.012110530087970374, 0.012110530087970374)
(6000, 0.07581760237026826) +- (0.011544799487000143, 0.011544799487000143)
(7000, 0.07782655514022382) +- (0.010288273892926632, 0.010288273892926632)
(8000, 0.08026085265266367) +- (0.009298486233217076, 0.009298486233217076)
(9000, 0.08293499962102611) +- (0.009207071388044273, 0.009207071388044273)
(10000, 0.0832227747129132) +- (0.008883362751066258, 0.008883362751066258)
