(100, 0.009049972528407793) +- (0.02080755293628861, 0.02080755293628861)
(250, 0.006448362589252125) +- (0.014157570722971673, 0.014157570722971673)
(500, 0.003454773536711384) +- (0.011540129565747941, 0.011540129565747941)
(750, 0.0040787024768422645) +- (0.010821370964559264, 0.010821370964559264)
(1000, 0.0018852022606913143) +- (0.008929736556594261, 0.008929736556594261)
(1250, 0.0020265328369630355) +- (0.007946266641718536, 0.007946266641718536)
(1500, 0.0020345700115140452) +- (0.007052446759460262, 0.007052446759460262)
(1750, 0.0014999535395649889) +- (0.007091960987843089, 0.007091960987843089)
(2000, 0.0013023564767887397) +- (0.006417037717703734, 0.006417037717703734)
(2250, 0.001222924477913927) +- (0.006735576684375151, 0.006735576684375151)
(2500, 0.002589877309620272) +- (0.006220358852826794, 0.006220358852826794)
(2750, 0.001988439580281307) +- (0.005979828027526718, 0.005979828027526718)
(3000, 0.002025600617109764) +- (0.006023860721516334, 0.006023860721516334)
(3250, 0.0014270013199388298) +- (0.00587007771869927, 0.00587007771869927)
(3500, 0.002625863346767625) +- (0.005884913759870065, 0.005884913759870065)
(3750, 0.002401498264019719) +- (0.004905924331308112, 0.004905924331308112)
(4000, 0.0021883161973464205) +- (0.005037269994694918, 0.005037269994694918)
(4250, 0.0024244321147902335) +- (0.004361592399558594, 0.004361592399558594)
(4500, 0.0015280870820937765) +- (0.004536953462903206, 0.004536953462903206)
(4750, 0.001853024756497952) +- (0.004599252436854278, 0.004599252436854278)
(5000, 0.001608539367460593) +- (0.004917349623293698, 0.004917349623293698)
(6000, 0.0011869897906677674) +- (0.004302601632889824, 0.004302601632889824)
(7000, 0.0016326232338749903) +- (0.004149408140713951, 0.004149408140713951)
(8000, 0.0028783031136691228) +- (0.003856789473383415, 0.003856789473383415)
(9000, 0.0015746199251562443) +- (0.003206034723541117, 0.003206034723541117)
(10000, 0.001903756355829076) +- (0.0033245289619899883, 0.0033245289619899883)
