(100, 0.2915062935718096) +- (0.0729239012592125, 0.0729239012592125)
(250, 0.20819930459836716) +- (0.04392768327980939, 0.04392768327980939)
(500, 0.16615727516083084) +- (0.04191932863184677, 0.04191932863184677)
(750, 0.13565903627516993) +- (0.0261811888472468, 0.0261811888472468)
(1000, 0.1188090305875712) +- (0.019617154872108612, 0.019617154872108612)
(1250, 0.11094937839685454) +- (0.019074418558346806, 0.019074418558346806)
(1500, 0.10330455717001658) +- (0.01788781443507333, 0.01788781443507333)
(1750, 0.09704451200104314) +- (0.016022970948929047, 0.016022970948929047)
(2000, 0.08989002298512368) +- (0.015100654784047082, 0.015100654784047082)
(2250, 0.08643016223081344) +- (0.012338933713402464, 0.012338933713402464)
(2500, 0.08299686393764277) +- (0.0112556719925151, 0.0112556719925151)
(2750, 0.07708062794376079) +- (0.012202235057424734, 0.012202235057424734)
(3000, 0.07542320023202605) +- (0.009231632552963056, 0.009231632552963056)
(3250, 0.0741720383840594) +- (0.011606633602859906, 0.011606633602859906)
(3500, 0.07152923004486547) +- (0.009132913573155604, 0.009132913573155604)
(3750, 0.0675835541579576) +- (0.008570727552458622, 0.008570727552458622)
(4000, 0.06715228796455829) +- (0.009733913512279316, 0.009733913512279316)
(4250, 0.06292063365681316) +- (0.008542975008024456, 0.008542975008024456)
(4500, 0.06386604422996765) +- (0.008574053323811039, 0.008574053323811039)
(4750, 0.06090952962685228) +- (0.006917672176605482, 0.006917672176605482)
(5000, 0.062060332859207354) +- (0.008152686937023212, 0.008152686937023212)
(6000, 0.055369288342463706) +- (0.006864488914378213, 0.006864488914378213)
(7000, 0.050682377044485694) +- (0.005652444081413653, 0.005652444081413653)
(8000, 0.04916653508776268) +- (0.0053047883518127364, 0.0053047883518127364)
(9000, 0.04587526961699179) +- (0.004520272617234029, 0.004520272617234029)
(10000, 0.04377420145851521) +- (0.0035630828987348786, 0.0035630828987348786)
