(100, 0.30703515409042637) +- (0.12437028779167493, 0.12437028779167493)
(250, 0.2558754226741822) +- (0.11203240134525087, 0.11203240134525087)
(500, 0.21104184470896695) +- (0.1064119782928618, 0.1064119782928618)
(750, 0.17534826793695948) +- (0.08713685361260952, 0.08713685361260952)
(1000, 0.14837285249070167) +- (0.07401551392356785, 0.07401551392356785)
(1250, 0.1502674343342027) +- (0.07195704041615232, 0.07195704041615232)
(1500, 0.1421540671412036) +- (0.07779730689211507, 0.07779730689211507)
(1750, 0.13348569390866433) +- (0.06928768063879595, 0.06928768063879595)
(2000, 0.12456893407020958) +- (0.05973914161362369, 0.05973914161362369)
(2250, 0.1090825914747897) +- (0.04535950512469056, 0.04535950512469056)
(2500, 0.12403815227047568) +- (0.07250320956898038, 0.07250320956898038)
(2750, 0.102803242931284) +- (0.05583429077734643, 0.05583429077734643)
(3000, 0.11521088873590996) +- (0.06620213379160793, 0.06620213379160793)
(3250, 0.10732107633359884) +- (0.0626438632812376, 0.0626438632812376)
(3500, 0.11035696414859233) +- (0.05467733531362366, 0.05467733531362366)
(3750, 0.09501861789744379) +- (0.05689713415487354, 0.05689713415487354)
(4000, 0.10128251292156759) +- (0.05551179447166947, 0.05551179447166947)
(4250, 0.0930000554990351) +- (0.04785838253241202, 0.04785838253241202)
(4500, 0.08948628493843884) +- (0.04125888496420804, 0.04125888496420804)
(4750, 0.08819366589060404) +- (0.049515399258926784, 0.049515399258926784)
(5000, 0.09008928505659351) +- (0.0558841024263959, 0.0558841024263959)
(6000, 0.07953368447806838) +- (0.03898396641015614, 0.03898396641015614)
(7000, 0.08786727795449462) +- (0.04890904634879274, 0.04890904634879274)
(8000, 0.07433984206402905) +- (0.0409522574310605, 0.0409522574310605)
(9000, 0.06895023011545931) +- (0.038097210621217285, 0.038097210621217285)
(10000, 0.06721041626877178) +- (0.03585121498056068, 0.03585121498056068)
