(100, 0.7428351139223186) +- (0.060908611813268156, 0.060908611813268156)
(250, 0.7709988183906329) +- (0.027315865184707737, 0.027315865184707737)
(500, 0.7717270684900557) +- (0.018210213551140643, 0.018210213551140643)
(750, 0.7765055657599477) +- (0.015573480890552788, 0.015573480890552788)
(1000, 0.7801757636320069) +- (0.010963070679241448, 0.010963070679241448)
(1250, 0.7775689119827409) +- (0.009337509436390407, 0.009337509436390407)
(1500, 0.7778039372814392) +- (0.011992126423127348, 0.011992126423127348)
(1750, 0.7787447047901733) +- (0.009244935620105912, 0.009244935620105912)
(2000, 0.7800924089931207) +- (0.007217089557987963, 0.007217089557987963)
(2250, 0.7800205634018775) +- (0.008858664556929768, 0.008858664556929768)
(2500, 0.7800549784236148) +- (0.00629073732007291, 0.00629073732007291)
(2750, 0.7806755632926197) +- (0.007579358985172778, 0.007579358985172778)
(3000, 0.7808219164074661) +- (0.00627075212669412, 0.00627075212669412)
(3250, 0.7805988732312911) +- (0.006726915018778784, 0.006726915018778784)
(3500, 0.7796194346438376) +- (0.006947013300298469, 0.006947013300298469)
(3750, 0.780667522652186) +- (0.005452683557366891, 0.005452683557366891)
(4000, 0.780658719040329) +- (0.004938137899204768, 0.004938137899204768)
(4250, 0.7805776191118301) +- (0.005586795734208826, 0.005586795734208826)
(4500, 0.7804267193436022) +- (0.008512800646002653, 0.008512800646002653)
(4750, 0.7809336691499561) +- (0.005524799599790981, 0.005524799599790981)
(5000, 0.7810747151344821) +- (0.004999305802896809, 0.004999305802896809)
