(100, 0.5288803065874246) +- (0.0, 0.0)
(250, 0.6292065449190141) +- (0.0, 0.0)
(500, 0.7011315331694362) +- (1.1102230246251565e-16, 1.1102230246251565e-16)
(750, 0.6648935649131096) +- (0.0, 0.0)
(1000, 0.6752411930464202) +- (1.1102230246251565e-16, 1.1102230246251565e-16)
(1250, 0.7089338012252355) +- (0.0, 0.0)
(1500, 0.6820905548902999) +- (1.1102230246251565e-16, 1.1102230246251565e-16)
(1750, 0.6809331322205632) +- (1.1102230246251565e-16, 1.1102230246251565e-16)
(2000, 0.6588801617063114) +- (0.0, 0.0)
(2250, 0.6749825146079275) +- (1.1102230246251565e-16, 1.1102230246251565e-16)
(2500, 0.6614345868351525) +- (1.1102230246251565e-16, 1.1102230246251565e-16)
(2750, 0.6715687949742504) +- (1.1102230246251565e-16, 1.1102230246251565e-16)
(3000, 0.6664220509437417) +- (0.0, 0.0)
(3250, 0.6678242168636338) +- (1.1102230246251565e-16, 1.1102230246251565e-16)
(3500, 0.6687654976993017) +- (0.0, 0.0)
(3750, 0.6669689990010815) +- (0.0, 0.0)
(4000, 0.6692840682860028) +- (0.0, 0.0)
(4250, 0.6680145832446127) +- (0.0, 0.0)
(4500, 0.6681062717310148) +- (1.1102230246251565e-16, 1.1102230246251565e-16)
(4750, 0.6685202228727473) +- (1.1102230246251565e-16, 1.1102230246251565e-16)
(5000, 0.6719964193065617) +- (1.1102230246251565e-16, 1.1102230246251565e-16)
