(100, 0.012634658006595093) +- (0.11014048425788843, 0.11014048425788843)
(250, -0.008978381517507503) +- (0.06381280670397965, 0.06381280670397965)
(500, -0.008170533276309533) +- (0.05603214072190453, 0.05603214072190453)
(750, -0.0023572599573719426) +- (0.040803654404498055, 0.040803654404498055)
(1000, 0.0025446190058909194) +- (0.04374376416364877, 0.04374376416364877)
(1250, 0.00015500008174660506) +- (0.037723107076775654, 0.037723107076775654)
(1500, -0.0006978217430917591) +- (0.02710322900541263, 0.02710322900541263)
(1750, 0.0019055354974943483) +- (0.03422182039885622, 0.03422182039885622)
(2000, 0.007221935933350614) +- (0.030100825527057513, 0.030100825527057513)
(2250, -0.0010155524732213437) +- (0.029813601439543078, 0.029813601439543078)
(2500, 0.0025828098544581186) +- (0.025892298021896024, 0.025892298021896024)
(2750, -0.00039439251643499153) +- (0.02807726032354077, 0.02807726032354077)
(3000, -0.004925961309206656) +- (0.023570844599536837, 0.023570844599536837)
(3250, 0.0025834154031324687) +- (0.022656998314626968, 0.022656998314626968)
(3500, 0.0023926321366681902) +- (0.02408706151927957, 0.02408706151927957)
(3750, -0.002458138522332364) +- (0.021727757705845042, 0.021727757705845042)
(4000, 0.0017586664085420137) +- (0.02069746589212581, 0.02069746589212581)
(4250, -0.0019228581493152023) +- (0.020067762874625895, 0.020067762874625895)
(4500, -0.0008741725760860494) +- (0.02158208116835068, 0.02158208116835068)
(4750, 0.004539024374224984) +- (0.01861711600750983, 0.01861711600750983)
(5000, 0.0026361970715266907) +- (0.020235097572721433, 0.020235097572721433)
(6000, 0.00284571536313898) +- (0.016647313955250456, 0.016647313955250456)
(7000, 0.0015377696599975618) +- (0.015116453561474927, 0.015116453561474927)
(8000, 0.0016870624120176748) +- (0.016293598574772025, 0.016293598574772025)
(9000, -0.0004808826446302853) +- (0.01482945530037469, 0.01482945530037469)
(10000, 0.0006922796433720714) +- (0.012335873634101104, 0.012335873634101104)
