(100, 0.6863637028967616) +- (0.06436310769583331, 0.06436310769583331)
(250, 0.6933250174111827) +- (0.04737976407078501, 0.04737976407078501)
(500, 0.7049272459629284) +- (0.02944794552620655, 0.02944794552620655)
(750, 0.7107750982995894) +- (0.02112152347621252, 0.02112152347621252)
(1000, 0.7132151823308334) +- (0.02189585155401748, 0.02189585155401748)
(1250, 0.718144512034666) +- (0.0193931541568305, 0.0193931541568305)
(1500, 0.7215658002168251) +- (0.022663434023624394, 0.022663434023624394)
(1750, 0.7189517698437515) +- (0.020665643642179838, 0.020665643642179838)
(2000, 0.7211352130214798) +- (0.01464073866365418, 0.01464073866365418)
(2250, 0.7212589409039448) +- (0.015324913763951701, 0.015324913763951701)
(2500, 0.7207823289511484) +- (0.013704711482440953, 0.013704711482440953)
(2750, 0.7233993518643037) +- (0.013416016246299104, 0.013416016246299104)
(3000, 0.7260118599307858) +- (0.012704507646230996, 0.012704507646230996)
(3250, 0.7257561569916997) +- (0.013184462794993787, 0.013184462794993787)
(3500, 0.7254581985253946) +- (0.012880857845965385, 0.012880857845965385)
(3750, 0.7267651088611611) +- (0.01044971450817729, 0.01044971450817729)
(4000, 0.7256173088551943) +- (0.009857320169494027, 0.009857320169494027)
(4250, 0.7255979270752135) +- (0.010813248884210895, 0.010813248884210895)
(4500, 0.7266682364492134) +- (0.0101179764711724, 0.0101179764711724)
(4750, 0.7279218285397815) +- (0.009831158630337249, 0.009831158630337249)
(5000, 0.7278547962358987) +- (0.00861883030491086, 0.00861883030491086)
(6000, 0.7291124089769795) +- (0.007715196862136039, 0.007715196862136039)
(7000, 0.7306048408362413) +- (0.0064862820664469256, 0.0064862820664469256)
(8000, 0.7300513699695912) +- (0.00842012073990404, 0.00842012073990404)
(9000, 0.7322713117809808) +- (0.006653253883351116, 0.006653253883351116)
(10000, 0.7322754149797766) +- (0.007031925079631545, 0.007031925079631545)





		(100, 0.3136363) +- (0.06436310769583331, 0.06436310769583331)
		(250, 0.30667498) +- (0.04737976407078501, 0.04737976407078501)
		(500, 0.29507275) +- (0.02944794552620655, 0.02944794552620655)
		(750, 0.2892249) +- (0.02112152347621252, 0.02112152347621252)
		(1000, 0.28678482) +- (0.02189585155401748, 0.02189585155401748)
		(1250, 0.28185549) +- (0.0193931541568305, 0.0193931541568305)
		(1500, 0.2784342) +- (0.022663434023624394, 0.022663434023624394)
		(1750, 0.28104823) +- (0.020665643642179838, 0.020665643642179838)
		(2000, 0.27886479) +- (0.01464073866365418, 0.01464073866365418)
		(2250, 0.27874106) +- (0.015324913763951701, 0.015324913763951701)
		(2500, 0.27921767) +- (0.013704711482440953, 0.013704711482440953)
		(2750, 0.27660065) +- (0.013416016246299104, 0.013416016246299104)
		(3000, 0.27398814) +- (0.012704507646230996, 0.012704507646230996)
		(3250, 0.27424384) +- (0.013184462794993787, 0.013184462794993787)
		(3500, 0.2745418) +- (0.012880857845965385, 0.012880857845965385)
		(3750, 0.27323489) +- (0.01044971450817729, 0.01044971450817729)
		(4000, 0.27438269) +- (0.009857320169494027, 0.009857320169494027)
		(4250, 0.27440207) +- (0.010813248884210895, 0.010813248884210895)
		(4500, 0.27333176) +- (0.0101179764711724, 0.0101179764711724)
		(4750, 0.27207817) +- (0.009831158630337249, 0.009831158630337249)
		(5000, 0.2721452) +- (0.00861883030491086, 0.00861883030491086)
