(100, 0.72941378491239) +- (0.05894133154458189, 0.05894133154458189)
(250, 0.7228662531434558) +- (0.03468074148273473, 0.03468074148273473)
(500, 0.7033906052049452) +- (0.04253518155400824, 0.04253518155400824)
(750, 0.6988683361789123) +- (0.048127204105997134, 0.048127204105997134)
(1000, 0.6941740644421774) +- (0.035289114306943495, 0.035289114306943495)
(1250, 0.693744577699831) +- (0.033762380853248286, 0.033762380853248286)
(1500, 0.6837505572831821) +- (0.03716566288512492, 0.03716566288512492)
(1750, 0.6905268190114859) +- (0.029500446434132313, 0.029500446434132313)
(2000, 0.6821440118658925) +- (0.03925913483529249, 0.03925913483529249)
(2250, 0.6850302428508237) +- (0.033421180604134994, 0.033421180604134994)
(2500, 0.686106361075425) +- (0.026629617397821725, 0.026629617397821725)
(2750, 0.6834066556458837) +- (0.035446498711743546, 0.035446498711743546)
(3000, 0.6836318295470564) +- (0.028519301736027465, 0.028519301736027465)
(3250, 0.6815578056739358) +- (0.0319809414392144, 0.0319809414392144)
(3500, 0.6807466684287179) +- (0.03637568589365262, 0.03637568589365262)
(3750, 0.6800884203264972) +- (0.034305330876660024, 0.034305330876660024)
(4000, 0.6761008930354978) +- (0.03408354179780889, 0.03408354179780889)
(4250, 0.6786981284189801) +- (0.02819181961350181, 0.02819181961350181)
(4500, 0.6758824812685479) +- (0.035348726438996295, 0.035348726438996295)
(4750, 0.674671588057321) +- (0.030015735790323593, 0.030015735790323593)
(5000, 0.6728766339993455) +- (0.03288314192993764, 0.03288314192993764)
(6000, 0.6677484467241617) +- (0.037098959875118326, 0.037098959875118326)
(7000, 0.6714018373884137) +- (0.032006118517994904, 0.032006118517994904)
(8000, 0.6671794695914268) +- (0.028146466907470396, 0.028146466907470396)
(9000, 0.6699917967969727) +- (0.027745193042465234, 0.027745193042465234)
(10000, 0.6671852581321089) +- (0.027811417003936977, 0.027811417003936977)




		(100, 0.27058622) +- (0.05894133154458189, 0.05894133154458189)
		(250, 0.27713375) +- (0.03468074148273473, 0.03468074148273473)
		(500, 0.29660939) +- (0.04253518155400824, 0.04253518155400824)
		(750, 0.30113166) +- (0.048127204105997134, 0.048127204105997134)
		(1000, 0.30582594) +- (0.035289114306943495, 0.035289114306943495)
		(1250, 0.30625542) +- (0.033762380853248286, 0.033762380853248286)
		(1500, 0.31624944) +- (0.03716566288512492, 0.03716566288512492)
		(1750, 0.30947318) +- (0.029500446434132313, 0.029500446434132313)
		(2000, 0.31785599) +- (0.03925913483529249, 0.03925913483529249)
		(2250, 0.31496976) +- (0.033421180604134994, 0.033421180604134994)
		(2500, 0.31389364) +- (0.026629617397821725, 0.026629617397821725)
		(2750, 0.31659334) +- (0.035446498711743546, 0.035446498711743546)
		(3000, 0.31636817) +- (0.028519301736027465, 0.028519301736027465)
		(3250, 0.31844219) +- (0.0319809414392144, 0.0319809414392144)
		(3500, 0.31925333) +- (0.03637568589365262, 0.03637568589365262)
		(3750, 0.31991158) +- (0.034305330876660024, 0.034305330876660024)
		(4000, 0.32389911) +- (0.03408354179780889, 0.03408354179780889)
		(4250, 0.32130187) +- (0.02819181961350181, 0.02819181961350181)
		(4500, 0.32411752) +- (0.035348726438996295, 0.035348726438996295)
		(4750, 0.32532841) +- (0.030015735790323593, 0.030015735790323593)
		(5000, 0.32712337) +- (0.03288314192993764, 0.03288314192993764)
