(100, 0.005382315968114329) +- (0.10865759508623864, 0.10865759508623864)
(250, -0.005056857776701125) +- (0.06463230841683797, 0.06463230841683797)
(500, 0.003226857565565975) +- (0.04524661781468865, 0.04524661781468865)
(750, 0.0002502692557904598) +- (0.038528984608588904, 0.038528984608588904)
(1000, 0.0011913383759040075) +- (0.03629032822467166, 0.03629032822467166)
(1250, 0.002118907115736796) +- (0.029034640109536484, 0.029034640109536484)
(1500, -0.0002460044828608389) +- (0.02668146315415995, 0.02668146315415995)
(1750, -0.0012185458278527828) +- (0.026248297886184054, 0.026248297886184054)
(2000, -0.0013605048998396692) +- (0.025008079922085497, 0.025008079922085497)
(2250, -0.0031354147669074737) +- (0.01964930612341567, 0.01964930612341567)
(2500, 0.0005609103618590961) +- (0.021617142704698573, 0.021617142704698573)
(2750, 0.0010017962453279477) +- (0.01970563202921933, 0.01970563202921933)
(3000, -0.0019262850982292344) +- (0.019390054232444283, 0.019390054232444283)
(3250, -0.000718356111981934) +- (0.02069290935185198, 0.02069290935185198)
(3500, 0.0009875494470453848) +- (0.017739586628954772, 0.017739586628954772)
(3750, 0.001285940866245561) +- (0.01794863406782217, 0.01794863406782217)
(4000, 0.00015738789628713272) +- (0.015573720133874187, 0.015573720133874187)
(4250, -0.00042422786456781063) +- (0.014618739833645953, 0.014618739833645953)
(4500, -0.0007071781404985611) +- (0.016454820114141427, 0.016454820114141427)
(4750, -0.0012118172558279556) +- (0.016575166735631443, 0.016575166735631443)
(5000, -0.0011920746739722688) +- (0.014160867981796539, 0.014160867981796539)
(6000, 0.0005225334819170595) +- (0.013645504625223116, 0.013645504625223116)
(7000, -0.000323861485950455) +- (0.014430393300741204, 0.014430393300741204)
(8000, -0.0022107610841637436) +- (0.011892943041681705, 0.011892943041681705)
(9000, -0.0013920151267065002) +- (0.010245266961961727, 0.010245266961961727)
(10000, 0.0002725548099507794) +- (0.011411152678060057, 0.011411152678060057)
