(100, 0.934094913437363) +- (0.10316642832191085, 0.10316642832191085)
(250, 0.9403957394879201) +- (0.07427033348365977, 0.07427033348365977)
(500, 0.9409816411953557) +- (0.05356663145715932, 0.05356663145715932)
(750, 0.9336889488254083) +- (0.045772926730541716, 0.045772926730541716)
(1000, 0.9389032221542348) +- (0.03426283302489591, 0.03426283302489591)
(1250, 0.9325117283870393) +- (0.03608535841299156, 0.03608535841299156)
(1500, 0.938854054301589) +- (0.02685753188029227, 0.02685753188029227)
(1750, 0.9382227300716665) +- (0.02979180500215261, 0.02979180500215261)
(2000, 0.9401922134415385) +- (0.025677992530361276, 0.025677992530361276)
(2250, 0.9431757342406526) +- (0.02459690199605819, 0.02459690199605819)
(2500, 0.9397214354127681) +- (0.02538566723767322, 0.02538566723767322)
(2750, 0.9383987942137185) +- (0.021061071666130696, 0.021061071666130696)
(3000, 0.9453139076948951) +- (0.021567184477358444, 0.021567184477358444)
(3250, 0.9381735009929484) +- (0.02205685423903082, 0.02205685423903082)
(3500, 0.9426683809004117) +- (0.02412669976165285, 0.02412669976165285)
(3750, 0.9414188906881956) +- (0.021826281239323085, 0.021826281239323085)
(4000, 0.9417336025410146) +- (0.020837869941798547, 0.020837869941798547)
(4250, 0.9393890201290196) +- (0.01693660441174829, 0.01693660441174829)
(4500, 0.9400207268764741) +- (0.01856735068296271, 0.01856735068296271)
(4750, 0.9399488748224247) +- (0.01688995717018302, 0.01688995717018302)
(5000, 0.9413617432173687) +- (0.017050257009034654, 0.017050257009034654)
