(100, 0.05710530719093899) +- (0.028014772838819056, 0.028014772838819056)
(250, 0.03795757113348311) +- (0.014752097478828968, 0.014752097478828968)
(500, 0.024863971918183257) +- (0.01183005941105395, 0.01183005941105395)
(750, 0.021299371939338823) +- (0.0097506331371103, 0.0097506331371103)
(1000, 0.018703225052865754) +- (0.0091892860209735, 0.0091892860209735)
(1250, 0.01587016589442953) +- (0.007630971062030503, 0.007630971062030503)
(1500, 0.016466739137307944) +- (0.007092126970903313, 0.007092126970903313)
(1750, 0.014239719660925293) +- (0.006173759456362094, 0.006173759456362094)
(2000, 0.013799419068840421) +- (0.006474069036736104, 0.006474069036736104)
(2250, 0.013230767692589076) +- (0.005146061742875217, 0.005146061742875217)
(2500, 0.011857141417043521) +- (0.005249224126803612, 0.005249224126803612)
(2750, 0.01227332323945507) +- (0.0056422694522030555, 0.0056422694522030555)
(3000, 0.011487884285782063) +- (0.004909633416894492, 0.004909633416894492)
(3250, 0.010923560406207065) +- (0.004979416529892817, 0.004979416529892817)
(3500, 0.009825617045549287) +- (0.004447505345343014, 0.004447505345343014)
(3750, 0.009152635531168225) +- (0.004114153384915298, 0.004114153384915298)
(4000, 0.009058405296497977) +- (0.004354393071651773, 0.004354393071651773)
(4250, 0.009142872951496388) +- (0.004274684708578533, 0.004274684708578533)
(4500, 0.008617677508527115) +- (0.004142425883472648, 0.004142425883472648)
(4750, 0.008621277103505994) +- (0.00376430390220656, 0.00376430390220656)
(5000, 0.008242129289717562) +- (0.0036340444886532736, 0.0036340444886532736)
(6000, 0.007261371138912325) +- (0.0034829954868192572, 0.0034829954868192572)
(7000, 0.007007421687011268) +- (0.002942845040942981, 0.002942845040942981)
(8000, 0.00588431482758204) +- (0.003040642502058832, 0.003040642502058832)
(9000, 0.006681485095879172) +- (0.002898444377062492, 0.002898444377062492)
(10000, 0.0059105683135073405) +- (0.00250167482661439, 0.00250167482661439)
