(100, 0.09560843200655907) +- (0.035532208355939156, 0.035532208355939156)
(250, 0.09708590658977144) +- (0.04221267550556456, 0.04221267550556456)
(500, 0.15695846032027416) +- (0.05506766924137724, 0.05506766924137724)
(750, 0.21430059749621438) +- (0.05006970962790904, 0.05006970962790904)
(1000, 0.24943736892184712) +- (0.04176096093631624, 0.04176096093631624)
(1250, 0.26794857321249504) +- (0.03531390395331777, 0.03531390395331777)
(1500, 0.2860501322583843) +- (0.02626308170603392, 0.02626308170603392)
(1750, 0.2945228828377368) +- (0.027031392106001712, 0.027031392106001712)
(2000, 0.3055629645741202) +- (0.021459757143104906, 0.021459757143104906)
(2250, 0.31530884996783254) +- (0.021233118104875524, 0.021233118104875524)
(2500, 0.3208040267977505) +- (0.018144687159870467, 0.018144687159870467)
(2750, 0.32548951808392906) +- (0.020828372248932223, 0.020828372248932223)
(3000, 0.33012715904037826) +- (0.01973173409287848, 0.01973173409287848)
(3250, 0.3398676197280389) +- (0.01806668061653488, 0.01806668061653488)
(3500, 0.3383576016756297) +- (0.017713564655945153, 0.017713564655945153)
(3750, 0.3420301086493733) +- (0.016723511692965515, 0.016723511692965515)
(4000, 0.34364147992595884) +- (0.01832480930871881, 0.01832480930871881)
(4250, 0.34813273321072635) +- (0.016769462100053686, 0.016769462100053686)
(4500, 0.34878519859493856) +- (0.01601218337808215, 0.01601218337808215)
(4750, 0.3509362125736227) +- (0.013861322516501413, 0.013861322516501413)
(5000, 0.35311081359690805) +- (0.01621876638158579, 0.01621876638158579)
(6000, 0.3583326599364319) +- (0.012959473269940397, 0.012959473269940397)
(7000, 0.36301165859843243) +- (0.011090662973930875, 0.011090662973930875)
(8000, 0.36841192480764007) +- (0.012944453076699163, 0.012944453076699163)
(9000, 0.3704650932102886) +- (0.011650496307843714, 0.011650496307843714)
(10000, 0.37378282834032844) +- (0.010223230977537585, 0.010223230977537585)
