(100, 0.00833651722215786) +- (0.02506720849263023, 0.02506720849263023)
(250, 0.013252489501476776) +- (0.022082970185518778, 0.022082970185518778)
(500, 0.013232535077011321) +- (0.017067691299305132, 0.017067691299305132)
(750, 0.01383310197020962) +- (0.013662373304349251, 0.013662373304349251)
(1000, 0.01332288875479755) +- (0.012363319269608921, 0.012363319269608921)
(1250, 0.013184526253273937) +- (0.011285101275854519, 0.011285101275854519)
(1500, 0.014636571598522559) +- (0.012128140673753, 0.012128140673753)
(1750, 0.017403646771549822) +- (0.010951834382479283, 0.010951834382479283)
(2000, 0.017442136128352943) +- (0.009603148964388911, 0.009603148964388911)
(2250, 0.01934487870187927) +- (0.00921891864659456, 0.00921891864659456)
(2500, 0.021596325737251135) +- (0.009373123904845874, 0.009373123904845874)
(2750, 0.02147395489822598) +- (0.00879441385830394, 0.00879441385830394)
(3000, 0.02244056848281439) +- (0.008927829406517615, 0.008927829406517615)
(3250, 0.024176251649690172) +- (0.007783092113622703, 0.007783092113622703)
(3500, 0.025854614666084144) +- (0.007811835402909586, 0.007811835402909586)
(3750, 0.0252058548192773) +- (0.007719190316378952, 0.007719190316378952)
(4000, 0.025562389062730388) +- (0.0073638145828173315, 0.0073638145828173315)
(4250, 0.0250603565967815) +- (0.006871368629005083, 0.006871368629005083)
(4500, 0.026232346093230413) +- (0.007941407926339225, 0.007941407926339225)
(4750, 0.026756618888094837) +- (0.007157936331145954, 0.007157936331145954)
(5000, 0.027163672121544077) +- (0.00649683998196288, 0.00649683998196288)
