(100, 0.006919597258483274) +- (0.02944268837585656, 0.02944268837585656)
(250, 0.0034581667214698265) +- (0.015960829127205232, 0.015960829127205232)
(500, -0.0010124996752536176) +- (0.015624600158127493, 0.015624600158127493)
(750, 0.001272309307416548) +- (0.013843618083301618, 0.013843618083301618)
(1000, 0.0012634103508944606) +- (0.011861451234398279, 0.011861451234398279)
(1250, 0.00239335453649538) +- (0.009315083280537078, 0.009315083280537078)
(1500, 0.004619076038474357) +- (0.010639631449508153, 0.010639631449508153)
(1750, 0.00381461418561559) +- (0.008327134213057322, 0.008327134213057322)
(2000, 0.005236265162440552) +- (0.008142209598634645, 0.008142209598634645)
(2250, 0.004593658836748289) +- (0.007455918907653498, 0.007455918907653498)
(2500, 0.003729797666479975) +- (0.008757802935120079, 0.008757802935120079)
(2750, 0.005178195011021925) +- (0.0072570828806617395, 0.0072570828806617395)
(3000, 0.005376722067269628) +- (0.007218192799137026, 0.007218192799137026)
(3250, 0.005101609301980843) +- (0.00757986556972922, 0.00757986556972922)
(3500, 0.006108141182769655) +- (0.006943400563391849, 0.006943400563391849)
(3750, 0.005887649826299395) +- (0.0070190380171231085, 0.0070190380171231085)
(4000, 0.00596556931760416) +- (0.005624307839897596, 0.005624307839897596)
(4250, 0.007331946349902689) +- (0.006428971440724818, 0.006428971440724818)
(4500, 0.006745707061833679) +- (0.00586693087566635, 0.00586693087566635)
(4750, 0.007217133725302358) +- (0.005465945032390939, 0.005465945032390939)
(5000, 0.008352076497021757) +- (0.005792414101434097, 0.005792414101434097)
(6000, 0.008194140883865551) +- (0.0049042822038247585, 0.0049042822038247585)
(7000, 0.009774601504573908) +- (0.005179642683987709, 0.005179642683987709)
(8000, 0.011111459752722222) +- (0.0051722318066974365, 0.0051722318066974365)
(9000, 0.010236880101239163) +- (0.0049967890081435064, 0.0049967890081435064)
(10000, 0.012043190771681412) +- (0.004758822306114616, 0.004758822306114616)
