(100, 0.13051434184695054) +- (0.0, 0.0)
(250, 0.07130787684432427) +- (0.0, 0.0)
(500, 0.06012824479916645) +- (0.0, 0.0)
(750, 0.058171580316258444) +- (2.226531636395635e-07, 2.226531636395635e-07)
(1000, 0.0594137698898507) +- (0.0, 0.0)
(1250, 0.05846582526313373) +- (1.0894101994043593e-06, 1.0894101994043593e-06)
(1500, 0.05387899398185967) +- (1.0609796294682013e-06, 1.0609796294682013e-06)
(1750, 0.05248717648103707) +- (6.257721171669652e-07, 6.257721171669652e-07)
(2000, 0.05404794685600356) +- (5.408594926111875e-07, 5.408594926111875e-07)
(2250, 0.052563383091514204) +- (5.111615897917328e-07, 5.111615897917328e-07)
(2500, 0.050899505435184886) +- (3.3970317152026364e-07, 3.3970317152026364e-07)
(2750, 0.05277399983739448) +- (5.820172842338542e-07, 5.820172842338542e-07)
(3000, 0.05197493476587729) +- (3.4078656477163325e-07, 3.4078656477163325e-07)
(3250, 0.05264021527960683) +- (1.9351996565666897e-07, 1.9351996565666897e-07)
(3500, 0.04998385216170842) +- (4.060165392447453e-07, 4.060165392447453e-07)
(3750, 0.05012458492869269) +- (2.408666689537979e-07, 2.408666689537979e-07)
(4000, 0.04973081035717044) +- (3.83635393635497e-07, 3.83635393635497e-07)
(4250, 0.05129618807483229) +- (2.2764662736904415e-07, 2.2764662736904415e-07)
(4500, 0.051735968548482614) +- (2.4980817801869793e-07, 2.4980817801869793e-07)
(4750, 0.05173565075932931) +- (1.3044310537419828e-07, 1.3044310537419828e-07)
(5000, 0.05085199518092862) +- (3.3887106207141203e-07, 3.3887106207141203e-07)
