(100, 0.01978962890050751) +- (0.034264912718622156, 0.034264912718622156)
(250, 0.010658441142506709) +- (0.022284509859610065, 0.022284509859610065)
(500, 0.0024066024808474264) +- (0.01775090315696666, 0.01775090315696666)
(750, 0.005122926213125476) +- (0.01567327612127697, 0.01567327612127697)
(1000, 0.002159574732446252) +- (0.012801267575115958, 0.012801267575115958)
(1250, 0.00240121895996781) +- (0.010586350313216343, 0.010586350313216343)
(1500, 4.735121973154399e-05) +- (0.01093860586092477, 0.01093860586092477)
(1750, 0.0008136465470729437) +- (0.009270961226122452, 0.009270961226122452)
(2000, 0.002805520575555498) +- (0.007728284080601847, 0.007728284080601847)
(2250, 0.0013418333429325324) +- (0.008025056515903744, 0.008025056515903744)
(2500, 0.0012838483794066135) +- (0.0073924065228186545, 0.0073924065228186545)
(2750, 0.0015487683000013196) +- (0.00743368142136757, 0.00743368142136757)
(3000, 0.0012852250531690367) +- (0.00668492506940556, 0.00668492506940556)
(3250, 0.0006379829110975743) +- (0.006723647518774673, 0.006723647518774673)
(3500, 0.0015648561467266652) +- (0.0069103628815405365, 0.0069103628815405365)
(3750, 0.0013401043205425367) +- (0.006839461744098458, 0.006839461744098458)
(4000, 0.00036544437635447567) +- (0.005881901009709604, 0.005881901009709604)
(4250, 0.0006029218501976796) +- (0.006252195368684869, 0.006252195368684869)
(4500, 0.0011581349161754373) +- (0.005785604382393497, 0.005785604382393497)
(4750, -0.0009193166089626814) +- (0.005148545712321257, 0.005148545712321257)
(5000, 0.0008130080042458943) +- (0.0056117042330093144, 0.0056117042330093144)
(6000, 0.0011285903002644826) +- (0.005570055395449441, 0.005570055395449441)
(7000, 0.0008824633364750855) +- (0.004192611955137459, 0.004192611955137459)
(8000, 0.000724229424576186) +- (0.004023110508231004, 0.004023110508231004)
(9000, 0.0004288802985490037) +- (0.004434700973361395, 0.004434700973361395)
(10000, -7.278713570901818e-05) +- (0.004433297524564146, 0.004433297524564146)
