(100, 0.1010857628543052) +- (0.07559627751925765, 0.07559627751925765)
(250, 0.062333433627898664) +- (0.042795849903367086, 0.042795849903367086)
(500, 0.046325865603970805) +- (0.034911786192251285, 0.034911786192251285)
(750, 0.034574152107632296) +- (0.027954545622207446, 0.027954545622207446)
(1000, 0.03569387522297537) +- (0.025084173103685527, 0.025084173103685527)
(1250, 0.03085587688145132) +- (0.022473588670007653, 0.022473588670007653)
(1500, 0.02656333661114937) +- (0.02042737694952003, 0.02042737694952003)
(1750, 0.02326176852428607) +- (0.01785288361186563, 0.01785288361186563)
(2000, 0.022592386124393616) +- (0.017596513360120483, 0.017596513360120483)
(2250, 0.025158270310148705) +- (0.019740408830911247, 0.019740408830911247)
(2500, 0.022846882546487618) +- (0.018793156609697124, 0.018793156609697124)
(2750, 0.022262079410054023) +- (0.015692349238775702, 0.015692349238775702)
(3000, 0.01945578250505628) +- (0.013414793897305951, 0.013414793897305951)
(3250, 0.0218823163720117) +- (0.013743014521615672, 0.013743014521615672)
(3500, 0.019548387627320286) +- (0.015790174092086787, 0.015790174092086787)
(3750, 0.017145594544013317) +- (0.013952629129935334, 0.013952629129935334)
(4000, 0.02007653784374977) +- (0.013351948966519847, 0.013351948966519847)
(4250, 0.01956549692292177) +- (0.01367199445834399, 0.01367199445834399)
(4500, 0.019267148171687575) +- (0.014477529738395705, 0.014477529738395705)
(4750, 0.017025511027271) +- (0.012841610198005653, 0.012841610198005653)
(5000, 0.017134132304742845) +- (0.012280567779617084, 0.012280567779617084)
