(100, 0.2649549976685921) +- (0.08517375908784679, 0.08517375908784679)
(250, 0.2643161907623246) +- (0.04989647570537415, 0.04989647570537415)
(500, 0.2702687357308721) +- (0.037813157526831925, 0.037813157526831925)
(750, 0.2761061099650186) +- (0.03439313272897925, 0.03439313272897925)
(1000, 0.26850450147747695) +- (0.028552627864447632, 0.028552627864447632)
(1250, 0.2767507933538269) +- (0.020938737142409024, 0.020938737142409024)
(1500, 0.27388786233263246) +- (0.02255179560476162, 0.02255179560476162)
(1750, 0.27352311315858896) +- (0.0225095021238602, 0.0225095021238602)
(2000, 0.27312906909081147) +- (0.020344175654982338, 0.020344175654982338)
(2250, 0.27505675304977373) +- (0.016348143057188593, 0.016348143057188593)
(2500, 0.27492860301158606) +- (0.01734341805485976, 0.01734341805485976)
(2750, 0.27535154767922543) +- (0.019982762600972336, 0.019982762600972336)
(3000, 0.27215089368384204) +- (0.015049769302647066, 0.015049769302647066)
(3250, 0.27098864418621216) +- (0.015347117503731824, 0.015347117503731824)
(3500, 0.2728490705147518) +- (0.016397592669965873, 0.016397592669965873)
(3750, 0.2752595125348128) +- (0.015147572886059377, 0.015147572886059377)
(4000, 0.2746878874189047) +- (0.013730759747213606, 0.013730759747213606)
(4250, 0.2761376181005523) +- (0.014791901330250672, 0.014791901330250672)
(4500, 0.27408876212883126) +- (0.013083216445345209, 0.013083216445345209)
(4750, 0.273928374814308) +- (0.014411223500368263, 0.014411223500368263)
(5000, 0.2719570306604888) +- (0.013139913852381705, 0.013139913852381705)
