(100, 0.1978397599874191) +- (0.09992033638386107, 0.09992033638386107)
(250, 0.17257175181195167) +- (0.09486424745674786, 0.09486424745674786)
(500, 0.1690381419293043) +- (0.09012158620013136, 0.09012158620013136)
(750, 0.15551787838601716) +- (0.08189215997489743, 0.08189215997489743)
(1000, 0.1416398536341416) +- (0.08817343114582502, 0.08817343114582502)
(1250, 0.14698727896239044) +- (0.07510257594159242, 0.07510257594159242)
(1500, 0.1472473709366797) +- (0.07796098904935223, 0.07796098904935223)
(1750, 0.1314623907980309) +- (0.07750641042405576, 0.07750641042405576)
(2000, 0.13115775072340308) +- (0.0765646065154461, 0.0765646065154461)
(2250, 0.12847348831977234) +- (0.07549051297847309, 0.07549051297847309)
(2500, 0.12588844011861255) +- (0.07871485321651295, 0.07871485321651295)
(2750, 0.13061083373888865) +- (0.07693074022648094, 0.07693074022648094)
(3000, 0.12142499439538203) +- (0.07764481764318244, 0.07764481764318244)
(3250, 0.11264309663255177) +- (0.0726510058422703, 0.0726510058422703)
(3500, 0.11954169687653136) +- (0.07673532619640629, 0.07673532619640629)
(3750, 0.13788459507990614) +- (0.08419637527093143, 0.08419637527093143)
(4000, 0.1181610011980563) +- (0.07435791817729409, 0.07435791817729409)
(4250, 0.11903837405929098) +- (0.07061520471426781, 0.07061520471426781)
(4500, 0.10632858957688854) +- (0.06663305922273569, 0.06663305922273569)
(4750, 0.10313036659427896) +- (0.06794547368255012, 0.06794547368255012)
(5000, 0.1116647440534439) +- (0.06561315211172056, 0.06561315211172056)
(6000, 0.10774773652580336) +- (0.08310017537557507, 0.08310017537557507)
(7000, 0.1063848195395785) +- (0.06844881330609714, 0.06844881330609714)
(8000, 0.10743365237966941) +- (0.067971790947936, 0.067971790947936)
(9000, 0.08719744066214632) +- (0.06421273194663116, 0.06421273194663116)
(10000, 0.10468191276217237) +- (0.06126306723393206, 0.06126306723393206)
