(100, 0.09761649246691093) +- (0.07365480417322756, 0.07365480417322756)
(250, 0.056346907007001734) +- (0.047036604578310486, 0.047036604578310486)
(500, 0.045330741876806885) +- (0.03215483623811214, 0.03215483623811214)
(750, 0.03903971810424475) +- (0.02977034110158441, 0.02977034110158441)
(1000, 0.03224027418087879) +- (0.024053632413192534, 0.024053632413192534)
(1250, 0.028588690444625368) +- (0.023257604909188986, 0.023257604909188986)
(1500, 0.024916761380604103) +- (0.018319067028528598, 0.018319067028528598)
(1750, 0.025135887713228597) +- (0.01824005608707019, 0.01824005608707019)
(2000, 0.02359950347641881) +- (0.015534868851330248, 0.015534868851330248)
(2250, 0.023406578750262464) +- (0.016955215381450523, 0.016955215381450523)
(2500, 0.02568319659622674) +- (0.016167143768892167, 0.016167143768892167)
(2750, 0.02374541351669048) +- (0.01754691947304086, 0.01754691947304086)
(3000, 0.020802815333171062) +- (0.015666961060715325, 0.015666961060715325)
(3250, 0.022581119612252412) +- (0.015681830495878228, 0.015681830495878228)
(3500, 0.02067823750334108) +- (0.01595016783020629, 0.01595016783020629)
(3750, 0.01938153757074918) +- (0.015333533620637874, 0.015333533620637874)
(4000, 0.020572283231138678) +- (0.01385111104240396, 0.01385111104240396)
(4250, 0.02120758862059518) +- (0.016239015445134456, 0.016239015445134456)
(4500, 0.018810664196578092) +- (0.014096727682088956, 0.014096727682088956)
(4750, 0.020363881482843696) +- (0.012464222189559783, 0.012464222189559783)
(5000, 0.018629288220941006) +- (0.011444143314999745, 0.011444143314999745)
(6000, 0.017676508283629495) +- (0.012162049521825893, 0.012162049521825893)
(7000, 0.01736310467326307) +- (0.010402569846253023, 0.010402569846253023)
(8000, 0.015874284734578387) +- (0.00972436849987559, 0.00972436849987559)
(9000, 0.01544582629750216) +- (0.0104698890715923, 0.0104698890715923)
(10000, 0.0162858525761964) +- (0.009988736934170473, 0.009988736934170473)
